"species","x","y","wc2.1_2.5m_bio_1","wc2.1_2.5m_bio_10","wc2.1_2.5m_bio_11","wc2.1_2.5m_bio_12","wc2.1_2.5m_bio_13","wc2.1_2.5m_bio_14","wc2.1_2.5m_bio_15","wc2.1_2.5m_bio_16","wc2.1_2.5m_bio_17","wc2.1_2.5m_bio_18","wc2.1_2.5m_bio_19","wc2.1_2.5m_bio_2","wc2.1_2.5m_bio_3","wc2.1_2.5m_bio_4","wc2.1_2.5m_bio_5","wc2.1_2.5m_bio_6","wc2.1_2.5m_bio_7","wc2.1_2.5m_bio_8","wc2.1_2.5m_bio_9"
"background",1,1,11.3219995498657,18.240665435791,5.01000022888184,1075,191,12,71.817253112793,529,57,65,504,12.0926666259766,44.874080657959,539.742980957031,27.8319988250732,0.88400000333786,26.947998046875,5.38400030136108,17.9606666564941
"background",2,2,10.1046667098999,15.4153327941895,5.30399990081787,2288,357,43,61.545654296875,1025,165,184,972,9.03999996185303,45.9910430908203,414.013977050781,21.1720008850098,1.51600003242493,19.6560001373291,5.71333312988281,15.0426664352417
"background",3,3,11.6483335494995,18.4893341064453,5.35199975967407,1011,176,13,68.1621627807617,490,63,68,452,11.9499998092651,44.9586143493652,539.6806640625,27.7840003967285,1.2039999961853,26.5799999237061,5.69600009918213,18.3186664581299
"background",4,4,8.98449993133545,14.4333333969116,4.24399995803833,2315,372,37,63.8789710998535,1071,162,175,1002,10.0756664276123,47.7067527770996,416.721618652344,21.3840007781982,0.263999998569489,21.1200008392334,4.63199996948242,14.0093336105347
"background",5,5,10.1324996948242,15.1273336410522,5.79866647720337,2499,419,32,67.2430572509766,1181,155,165,1109,9.22699928283691,47.6699714660645,381.955810546875,21.3519992828369,1.99599993228912,19.3559989929199,6.12266635894775,14.6239995956421
"background",6,6,10.3091669082642,16.5920009613037,4.46400022506714,1524,242,27,61.5165901184082,712,129,132,648,10.8290004730225,44.3811492919922,499.049713134766,24.9799995422363,0.580000042915344,24.3999996185303,4.82933330535889,16.4740009307861
"background",7,7,10.4679164886475,15.1283340454102,6.32000017166138,2161,338,43,61.1777534484863,970,163,179,915,8.55916690826416,48.1392974853516,359.924163818359,20.1700000762939,2.39000010490417,17.7800006866455,6.79166698455811,14.6833333969116
"background",8,8,9.55766677856445,15.4786672592163,4.30600023269653,2678,472,27,72.3394241333008,1315,142,160,1242,10.7073335647583,46.1602592468262,456.672668457031,23.507999420166,0.312000006437302,23.1959991455078,4.67133331298828,15.0866670608521
"background",9,9,9.50100040435791,14.5979995727539,5.27533340454102,2816,474,36,68.0599365234375,1338,172,183,1258,9.38199996948242,47.7406921386719,383.253356933594,21.0919990539551,1.44000005722046,19.6519985198975,5.61999988555908,14.0473327636719
"background",10,10,11.1590003967285,17.945333480835,4.95066690444946,1154,201,15,68.5381622314453,560,73,76,519,11.7019996643066,44.5756492614746,533.64599609375,27.1440010070801,0.892000019550323,26.2520008087158,5.29400014877319,17.763334274292
"background",11,11,10.1022729873657,14.1196975708008,6.80454540252686,2467,389,45,61.517261505127,1124,184,198,1044,8.77727317810059,53.1955909729004,306.070159912109,19.5272731781006,3.02727270126343,16.5,7.15454578399658,13.7681818008423
"background",12,12,8.70749950408936,14.4079999923706,3.75466656684875,2228,365,34,65.0247039794922,1045,156,167,980,10.407000541687,46.9037322998047,436.911865234375,21.9759998321533,-0.211999997496605,22.1879997253418,4.13466691970825,14.0299997329712
"background",13,13,10.4125003814697,15.085000038147,6.2649998664856,2185,343,43,61.5012893676758,984,163,180,929,8.58333301544189,48.0858993530273,359.806182861328,20.2000007629395,2.34999990463257,17.8500003814697,6.73666667938232,14.6266670227051
"background",14,14,10.4166669845581,16.3999996185303,4.84866666793823,1809,287,30,62.1578330993652,833,137,151,778,10.2233333587646,45.0446510314941,470.293426513672,23.6399993896484,0.944000005722046,22.6959991455078,5.32200002670288,16.0620002746582
"background",15,15,11.3026666641235,18.2199993133545,4.93400001525879,1132,187,16,64.2852020263672,533,82,83,485,11.7633333206177,44.0772399902344,544.579467773438,27.423999786377,0.736000001430511,26.6879997253418,5.28533315658569,18.0340003967285
"background",16,16,11.2086668014526,18.0739994049072,4.77799987792969,1106,192,14,69.4127655029297,539,68,73,508,11.5080003738403,43.8633918762207,544.870239257812,27.0520000457764,0.815999984741211,26.2360000610352,5.15799999237061,17.9313335418701
"background",17,17,9.65766620635986,14.8366661071777,5.07066679000854,2537,422,35,66.7814331054688,1196,162,174,1121,9.58066654205322,47.5231475830078,398.677001953125,21.5839996337891,1.42400002479553,20.1599998474121,5.39266681671143,14.3739995956421
"background",18,18,9.70516681671143,14.3786668777466,5.89000034332275,2622,424,41,64.0792694091797,1213,181,192,1133,9.33166694641113,50.0840835571289,352.133880615234,20.5559997558594,1.92400002479553,18.6319999694824,6.20066690444946,13.8719997406006
"background",19,19,9.84683322906494,16.1066665649414,3.94400000572205,1571,253,26,62.1784858703613,728,120,129,677,11.1370000839233,44.9580154418945,498.760467529297,24.568000793457,-0.204000011086464,24.7720012664795,4.3546667098999,15.9286670684814
"background",20,20,7.85050010681152,13.9293336868286,2.90399980545044,2568,427,36,66.3178176879883,1212,171,182,1142,10.1189994812012,45.3278961181641,453.117218017578,21.5400009155273,-0.783999979496002,22.3240013122559,3.28666663169861,13.3413333892822
"background",21,21,9.59166622161865,14.8913335800171,5.08599996566772,2337,371,41,62.3274879455566,1069,173,187,999,10.0273332595825,48.9520263671875,403.426940917969,21.4759998321533,0.991999983787537,20.4839992523193,5.40733337402344,14.4273338317871
"background",22,22,11.0991668701172,17.7513332366943,5.09600019454956,1235,222,13,72.8373107910156,611,64,73,582,11.9203338623047,45.4696884155273,517.432983398438,27.2280006408691,1.01199996471405,26.2160015106201,5.40666675567627,17.4593334197998
"background",23,23,9.53266620635986,14.6013336181641,5.29866647720337,2345,376,37,63.6975708007812,1081,160,171,1009,9.6133337020874,49.218376159668,383.297973632812,20.8920001983643,1.36000001430511,19.5319995880127,5.57000017166138,14.1133327484131
"background",24,24,9.48316669464111,15.8026666641235,3.76666665077209,1780,301,24,68.159782409668,853,112,120,804,10.8769998550415,44.9685821533203,491.971771240234,24.0919990539551,-0.096000000834465,24.1879997253418,4.12533330917358,15.4899997711182
"background",25,25,9.54500007629395,15.3853330612183,4.26800012588501,2044,322,34,62.726879119873,940,149,167,879,10.6506662368774,46.6234741210938,457.911529541016,23.1119995117188,0.26800000667572,22.8439998626709,4.6100001335144,15.1366662979126
"background",26,26,10.1018753051758,14.7024993896484,6.0774998664856,2215,351,37,62.7738075256348,1015,156,164,942,9.29291725158691,50.9759559631348,355.611755371094,20.3299999237061,2.09999990463257,18.2299995422363,6.3841667175293,14.3625001907349
"background",27,27,8.7678337097168,14.7846660614014,3.6046667098999,2217,351,37,63.1214447021484,1028,165,177,956,10.4969997406006,45.7904357910156,462.363006591797,22.6560001373291,-0.26800000667572,22.923999786377,3.93333339691162,14.489333152771
"background",28,28,10.0045833587646,15.2666664123535,5.41499996185303,2183,342,40,61.5162620544434,987,161,175,920,9.16083335876465,46.7151107788086,402.328979492188,21.0699996948242,1.46000003814697,19.6100006103516,5.84833335876465,14.789999961853
"background",29,29,9.44699954986572,15.1420001983643,4.25266647338867,2062,333,32,64.2191390991211,960,144,156,896,10.5526666641235,46.9007377624512,444.811706542969,22.6480007171631,0.148000001907349,22.5,4.63000011444092,14.8573331832886
"background",30,30,11.4491662979126,18.3026657104492,5.00933361053467,1047,177,15,64.5415496826172,495,74,78,461,11.1890001296997,43.3682174682617,545.262390136719,26.8959999084473,1.09600007534027,25.7999992370605,5.42466688156128,18.1886672973633
"background",31,31,9.4069995880127,14.546667098999,4.98733329772949,2278,363,38,62.8391418457031,1044,162,174,975,9.82600021362305,49.2383232116699,391.488128662109,20.9720001220703,1.01600003242493,19.9559993743896,5.37266683578491,14.0893335342407
"background",32,32,11.3098335266113,18.2740001678467,4.86466646194458,1067,180,15,64.9842987060547,507,75,78,462,11.7369995117188,43.6579399108887,548.592590332031,27.5599994659424,0.675999999046326,26.8839988708496,5.22533321380615,18.0613327026367
"background",33,33,10.5124998092651,15.4333333969116,6.05000019073486,2587,386,53,57.254638671875,1109,195,235,1051,7.70833301544189,43.5499076843262,385.393096923828,20.3999996185303,2.70000004768372,17.6999988555908,6.48333311080933,15.1333332061768
"background",34,34,9.86966705322266,15.5179996490479,4.70866680145264,2162,345,40,62.7384986877441,986,155,179,934,10.1213331222534,46.650691986084,444.8359375,22.7199993133545,1.02400004863739,21.6959991455078,5.08200025558472,15.2706670761108
"background",35,35,9.32283306121826,15.4813327789307,4.08799982070923,2478,436,27,71.7754669189453,1213,136,150,1147,10.4890003204346,45.1644859313965,465.684906005859,23.5879993438721,0.363999992609024,23.2239990234375,4.45266675949097,14.9919996261597
"background",36,36,10.6121664047241,16.8986663818359,4.8013334274292,1277,200,21,60.5380058288574,583,102,107,536,10.8169994354248,44.5877990722656,499.9208984375,25.1240005493164,0.863999962806702,24.2600002288818,5.0886664390564,16.7959995269775
"background",37,37,9.38966655731201,15.0413331985474,4.41666698455811,2467,388,42,62.0592155456543,1125,181,203,1053,10.5726671218872,47.8055114746094,436.988067626953,22.3360004425049,0.219999998807907,22.1160011291504,4.72266674041748,14.6813335418701
"background",38,38,9.19700050354004,14.7693328857422,4.39933347702026,2273,375,32,66.2159271240234,1068,145,157,1002,10.2639999389648,47.5097236633301,424.539123535156,21.9839992523193,0.379999995231628,21.6040000915527,4.74266672134399,14.2980003356934
"background",39,39,10.2025003433228,16.6000003814697,4.2020001411438,1284,203,20,62.9295310974121,596,95,103,548,11.1243333816528,44.8344917297363,509.699584960938,24.9839992523193,0.172000005841255,24.8119983673096,4.62599992752075,16.4526672363281
"background",40,40,8.75,14.3526668548584,4.04133319854736,2598,409,44,62.3630180358887,1186,189,209,1110,10.2146663665771,47.6252632141113,426.626922607422,21.4720001220703,0.0240000002086163,21.4479999542236,4.35200023651123,13.9446668624878
"background",41,41,11.0500001907349,15.1999998092651,7.53333330154419,2232,350,43,61.7178115844727,1004,162,180,951,7.86666679382324,48.5596733093262,318.248046875,19.8999996185303,3.70000004768372,16.1999988555908,8.13333320617676,14.7833337783813
"background",42,42,8.99266624450684,14.8660001754761,3.81133341789246,2199,355,36,63.7580833435059,1026,161,175,960,10.7266664505005,46.7107925415039,453.759826660156,22.6359996795654,-0.328000009059906,22.9639987945557,4.12400007247925,14.4886665344238
"background",43,43,10.0831670761108,16.3286666870117,4.37933349609375,1361,213,23,62.2292976379395,636,109,112,579,10.9643335342407,45.0984420776367,493.058258056641,24.7159996032715,0.404000014066696,24.3120002746582,4.6506667137146,16.1580009460449
"background",44,44,10.5600004196167,15.7773332595825,6.01466655731201,1959,308,36,61.5445556640625,891,147,156,826,9.45866680145264,47.9843063354492,400.351440429688,21.6879997253418,1.97599995136261,19.7119998931885,6.34466648101807,15.3633327484131
"background",45,45,10.0243330001831,15.1879997253418,5.39133358001709,2382,377,45,62.176513671875,1074,170,193,1022,8.36866664886475,44.8385467529297,401.459899902344,20.6119995117188,1.94799995422363,18.6639995574951,5.79666662216187,14.7953329086304
"background",46,46,10.5113334655762,17.042667388916,4.54266691207886,1394,242,17,70.4167098999023,680,81,88,644,11.1840000152588,44.6574020385742,511.661315917969,25.6919994354248,0.648000001907349,25.0439987182617,4.90799999237061,16.78733253479
"background",47,47,11.7151670455933,18.6706657409668,5.26999998092651,1105,181,18,62.0134658813477,512,84,87,476,11.2510004043579,43.4535789489746,551.728820800781,27.1399993896484,1.24800002574921,25.8920001983643,5.62266683578491,18.529333114624
"background",48,48,10.8024997711182,17.5060005187988,4.65399980545044,1382,222,23,61.0610046386719,633,106,111,589,10.7049999237061,42.9367904663086,529.179809570312,25.7119998931885,0.780000030994415,24.931999206543,5.01399993896484,17.3286666870117
"background",49,49,7.8513331413269,13.6119995117188,3.16000008583069,2583,424,38,65.4364242553711,1212,176,189,1138,10.0139999389648,46.5767440795898,429.595001220703,20.9440002441406,-0.555999994277954,21.5,3.5646665096283,13.029333114624
"background",50,50,8.60449981689453,14.3266668319702,3.78666663169861,2395,399,33,66.8671722412109,1133,152,165,1066,10.135666847229,46.7253684997559,432.360321044922,21.6719989776611,-0.0200000014156103,21.6919994354248,4.14200019836426,13.8186664581299
"background",51,51,8.67283344268799,14.3393325805664,4.22800016403198,2990,511,34,69.6871337890625,1438,172,189,1354,9.9176664352417,46.7902717590332,417.603820800781,21.5440006256104,0.348000019788742,21.1960010528564,4.63800001144409,13.6913328170776
"background",52,52,10.0734996795654,16.3959999084473,4.20266675949097,1718,272,30,60.8803367614746,791,139,147,731,10.8556671142578,44.0928764343262,500.129760742188,24.7320003509521,0.112000003457069,24.6200008392334,4.56333351135254,16.173999786377
"background",53,53,10.4038457870483,15.3974361419678,6,2171,340,42,61.24072265625,975,163,177,920,8.69615364074707,46.9476737976074,384.100402832031,20.5923080444336,2.06923079490662,18.5230770111084,6.4538459777832,14.9256410598755
"background",54,54,9.67799949645996,15.3353328704834,4.5479998588562,2257,354,40,62.2175979614258,1025,161,183,965,10.6939992904663,48.0326957702637,442.379791259766,22.6560001373291,0.392000019550323,22.2639999389648,4.92133331298828,15.0086669921875
"background",55,55,10.3065967559814,15.7090282440186,5.41944456100464,2333,371,44,62.5501174926758,1056,166,189,1006,8.5090274810791,43.9459114074707,422.820617675781,21.4583339691162,2.09583330154419,19.3625011444092,5.8034725189209,15.4173612594604
"background",56,56,10.4731483459473,15.8092594146729,5.7018518447876,2018,320,36,62.7603149414062,926,146,158,859,9.3462963104248,46.7834625244141,412.270812988281,21.7111110687256,1.73333334922791,19.9777774810791,6.14444446563721,15.3796300888062
"background",57,57,10.2708330154419,14.1999998092651,7.10000038146973,2224,350,38,62.1008834838867,1014,160,169,939,8.79166698455811,54.6066284179688,298.415954589844,19.2999992370605,3.20000004768372,16.0999984741211,7.45000028610229,13.8499994277954
"background",58,58,9.69783306121826,16.0653343200684,3.96533346176147,1730,291,23,67.7273330688477,828,109,119,779,11.1029996871948,45.2150192260742,494.728485107422,24.492000579834,-0.0640000030398369,24.5559997558594,4.28733348846436,15.7273330688477
"background",59,59,8.80283355712891,14.5160007476807,4.03599977493286,2536,432,32,68.7517013549805,1214,152,167,1146,10.201000213623,46.5289154052734,430.302215576172,22.0400009155273,0.11600000411272,21.9240016937256,4.36266660690308,13.989333152771
"background",60,60,10.180832862854,16.5626659393311,4.27866649627686,1288,200,22,61.1088485717773,595,105,108,542,10.9770002365112,44.412525177002,506.292755126953,24.92799949646,0.212000012397766,24.7159996032715,4.62799978256226,16.4146671295166
"background",61,61,10.8255004882812,17.8946666717529,4.64333343505859,1586,248,22,60.7343788146973,716,118,118,657,11.2836666107178,42.7541160583496,541.848022460938,26.8920001983643,0.5,26.3920001983643,4.93066644668579,17.8946666717529
"background",62,62,11.5,18.5166664123535,4.99666690826416,1098,188,15,67.6604766845703,529,72,76,497,11.6606664657593,43.8107414245605,555.084594726562,27.5240001678467,0.907999992370605,26.6160011291504,5.34600019454956,18.3693332672119
"background",63,63,8.45950031280518,14.1786670684814,3.7553334236145,2572,435,33,68.1428909301758,1225,157,171,1155,10.0716667175293,46.3192901611328,428.901580810547,21.6000003814697,-0.144000008702278,21.7439994812012,4.13800001144409,13.6466665267944
"background",64,64,11.6283330917358,18.5846672058105,5.14933347702026,1081,180,17,61.9269409179688,503,84,87,462,11.1413335800171,42.7263870239258,552.539733886719,27.2000007629395,1.12400007247925,26.076000213623,5.50666666030884,18.4873332977295
"background",65,65,9.03433322906494,14.782000541687,4.0513334274292,2428,382,41,62.0772323608398,1111,180,201,1039,10.5819997787476,47.4018974304199,442.670562744141,22.2800006866455,-0.0439999997615814,22.3240013122559,4.34999990463257,14.4226665496826
"background",66,66,10.0603332519531,15.8646669387817,4.66933345794678,1809,286,33,62.6077728271484,827,129,154,778,10.6786670684814,46.8198280334473,460.889190673828,23.7280006408691,0.919999957084656,22.8080005645752,5.08400011062622,15.6800003051758
"background",67,67,9.39799976348877,14.4193334579468,5.29666662216187,2443,394,38,64.0742797851562,1129,164,177,1055,9.62333297729492,49.1789283752441,377.533386230469,20.8120002746582,1.24399995803833,19.568000793457,5.55266666412354,13.9193334579468
"background",68,68,9.72183322906494,15.3526668548584,4.69733333587646,2506,395,43,62.2348480224609,1139,178,201,1069,10.5249996185303,48.0067520141602,437.590393066406,22.3479995727539,0.42399999499321,21.923999786377,5.01800012588501,14.9846668243408
"background",69,69,10.287166595459,16.6193332672119,4.2960000038147,1348,214,21,63.9450912475586,628,95,106,578,10.9029998779297,44.4947738647461,507.303436279297,24.8560009002686,0.351999998092651,24.5040016174316,4.78200006484985,16.5146675109863
"background",70,70,10.2239580154419,14.4899997711182,6.56750011444092,2370,376,40,62.7524452209473,1087,166,178,1009,9.18124961853027,52.8113288879395,328.629943847656,20.0650005340576,2.6800000667572,17.3850002288818,6.89583349227905,14.1575002670288
"background",71,71,9.72466659545898,15.985333442688,4.02799987792969,1919,301,32,61.1860389709473,885,153,162,817,10.8699998855591,44.6076812744141,492.993438720703,24.4400005340576,0.0720000043511391,24.3680000305176,4.34800004959106,15.779333114624
"background",72,72,10.0511665344238,15.8059997558594,4.73733329772949,1939,309,35,62.8085327148438,887,137,163,837,10.5690002441406,46.9149513244629,456.28466796875,23.5359992980957,1.00800001621246,22.5279998779297,5.11933326721191,15.6113328933716
"background",73,73,10.0659999847412,16.3460006713867,4.17199993133545,1619,257,28,61.0700187683105,745,128,137,689,10.8906669616699,44.4299392700195,497.836883544922,24.5839996337891,0.0720000043511391,24.511999130249,4.55533361434937,16.0799999237061
"background",74,74,10.5981483459473,15.5129623413086,6.29722213745117,2039,317,40,60.2002296447754,910,157,169,853,8.78703689575195,47.8423080444336,376.951782226562,20.7277774810791,2.36111116409302,18.3666667938232,6.72685194015503,15.0851850509644
"background",75,75,10.0513334274292,15.4479999542236,5.2480001449585,2348,369,42,61.9111404418945,1064,169,187,995,9.92733287811279,47.8841094970703,417.537658691406,21.8120002746582,1.08000004291534,20.7320003509521,5.62666654586792,15.029333114624
"background",76,76,9.46799945831299,15.188666343689,4.38533353805542,2271,358,40,62.5113716125488,1034,162,185,975,10.5893335342407,47.6653480529785,444.583312988281,22.5319995880127,0.316000014543533,22.2159996032715,4.73266649246216,14.8773326873779
"background",77,77,10.7615003585815,17.3059997558594,4.41333341598511,1419,226,24,60.4113616943359,648,114,120,604,11.1123332977295,43.2790679931641,529.281921386719,25.8199996948242,0.144000008702278,25.6760005950928,4.83400011062622,17.2153339385986
"background",78,78,9.32750034332275,14.5366668701172,4.88399982452393,2326,374,37,63.6978645324707,1073,160,172,1003,9.75033283233643,48.4801788330078,396.271606445312,20.9839992523193,0.871999979019165,20.1119995117188,5.16866683959961,14.0726661682129
"background",79,79,8.94700050354004,14.9786672592163,3.52533316612244,1948,315,31,63.2030944824219,907,145,155,848,11.0746669769287,46.267822265625,470.65673828125,23.3600006103516,-0.576000034809113,23.9360008239746,3.91133332252502,14.7186670303345
"background",80,80,9.05483341217041,14.7833337783813,4.03733348846436,2284,367,37,63.4931221008301,1058,165,182,992,10.3743333816528,46.8494110107422,441.099151611328,22.1280002593994,-0.0160000026226044,22.1440010070801,4.3953332901001,14.3860006332397
"background",81,81,11.2376670837402,18.1319999694824,4.77199983596802,1063,184,14,68.2192687988281,515,68,72,484,11.4079999923706,43.5486335754395,546.654541015625,27.0559997558594,0.860000014305115,26.1959991455078,5.18133354187012,17.974666595459
"background",82,82,9.60949993133545,15.2006673812866,4.9060001373291,2858,492,32,70.2615127563477,1381,162,176,1302,10.081000328064,46.8796501159668,421.731506347656,22.4080009460449,0.903999984264374,21.5040016174316,5.26200008392334,14.6433334350586
"background",83,83,10.2539215087891,14.7950983047485,6.30588245391846,2322,369,38,62.8506622314453,1065,161,173,989,9.38529396057129,51.335262298584,350.901702880859,20.5823535919189,2.29999995231628,18.2823543548584,6.58725500106812,14.4656858444214
"background",84,84,11.2433338165283,18.1866664886475,4.83066654205322,1158,199,15,69.2834091186523,563,73,77,531,11.7906665802002,44.2792091369629,547.157043457031,27.3319988250732,0.703999996185303,26.6279983520508,5.16333341598511,17.9780006408691
"background",85,85,9.93416690826416,15.8600006103516,4.55466651916504,1861,293,31,62.6706504821777,856,136,151,799,10.8070001602173,46.6784706115723,465.73095703125,23.7280006408691,0.576000034809113,23.1520004272461,4.88600015640259,15.6353340148926
"background",86,86,9.58549976348877,15.2066669464111,4.51133346557617,2414,383,41,62.9426727294922,1105,171,192,1039,10.6630001068115,48.1269149780273,439.026885986328,22.4640007019043,0.30799999833107,22.1560001373291,4.88666677474976,14.8760004043579
"background",87,87,10.5165004730225,16.7840003967285,4.82666683197021,1701,308,19,73.3393096923828,841,90,101,799,11.2983331680298,45.6535224914551,487.225982666016,25.5480003356934,0.800000011920929,24.7480010986328,5.17866659164429,16.449333190918
"background",88,88,11.1018333435059,17.6046657562256,4.76133346557617,1254,201,22,60.6507148742676,575,101,106,535,10.9636669158936,43.3620719909668,526.179138183594,25.8880004882812,0.60400003194809,25.2840003967285,5.26999998092651,17.4966659545898
"background",89,89,9.41583347320557,14.4673337936401,5.21533346176147,2343,371,41,62.0938491821289,1067,172,184,997,9.61966705322266,49.5450477600098,380.919708251953,20.6480007171631,1.23199999332428,19.4160003662109,5.5939998626709,13.9720001220703
"background",90,90,9.17316627502441,15.3966665267944,3.7206666469574,1778,273,33,60.4879264831543,816,147,152,747,10.6983327865601,44.6955757141113,482.750915527344,23.6840000152588,-0.252000004053116,23.9360008239746,4.00666666030884,15.1619997024536
"background",91,91,11.5279998779297,18.3740005493164,5.23666667938232,1009,178,12,69.7031555175781,494,60,64,458,11.9173336029053,44.7145919799805,537.80322265625,27.7840003967285,1.13200008869171,26.6520004272461,5.60199975967407,18.1573333740234
"background",92,92,9.71016693115234,15.0139999389648,5.07133340835571,2418,378,45,61.4432907104492,1086,177,194,1026,9.8730001449585,48.7314949035645,408.70068359375,21.2519989013672,0.991999983787537,20.2599983215332,5.43400001525879,14.5966663360596
"background",93,93,11.2411670684814,18.068000793457,4.88000011444092,1095,186,16,64.9488143920898,519,77,81,481,11.074333190918,42.9770774841309,540.145324707031,26.6719989776611,0.903999984264374,25.7679996490479,5.29999971389771,17.9113330841064
"background",94,94,9.44183349609375,14.6066665649414,4.95666646957397,2245,359,37,63.309196472168,1032,157,168,964,9.86899948120117,49.0897331237793,395.717803955078,21.0599994659424,0.955999970436096,20.1040000915527,5.28599977493286,14.1879997253418
"background",95,95,11.3979997634888,18.1639995574951,4.94533348083496,1106,174,20,59.5943183898926,503,90,94,466,10.8653335571289,42.575756072998,543.121032714844,26.3040008544922,0.783999979496002,25.5200004577637,5.36600017547607,18.0646667480469
"background",96,96,9.06483364105225,15.2553329467773,3.64199995994568,2254,356,37,61.6493339538574,1039,175,186,965,10.7449998855591,44.7708320617676,479.562164306641,23.6560001373291,-0.34400001168251,24,3.93799996376038,14.9659996032715
"background",97,97,10.2621669769287,16.742000579834,4.12666702270508,1273,200,21,62.3548049926758,589,96,103,540,11.150333404541,44.430721282959,519.812316894531,25.1679992675781,0.0720000043511391,25.0959987640381,4.59266662597656,16.6813335418701
"background",98,98,9.56783294677734,14.6666669845581,5.33466672897339,2803,475,35,68.6373748779297,1338,168,180,1260,9.34433364868164,47.7531356811523,383.535736083984,21.1280002593994,1.56000006198883,19.568000793457,5.68733310699463,14.1226663589478
"background",99,99,10.7910003662109,17.4366664886475,4.78600025177002,1580,288,16,74.0518493652344,789,80,89,745,11.9126663208008,45.3712158203125,517.098571777344,27.003999710083,0.747999966144562,26.2560005187988,5.14066696166992,17.1386661529541
"background",100,100,9.54599952697754,15.2399997711182,4.75600004196167,2861,493,32,70.4690475463867,1384,160,178,1305,10.3000001907349,46.8352127075195,429.238739013672,22.7080001831055,0.716000020503998,21.992000579834,5.13866662979126,14.684666633606
"background",101,101,10.3916664123535,15.1999998092651,6.01666688919067,2520,391,50,60.4706649780273,1116,185,216,1062,8.01666641235352,45.2919044494629,375.952331542969,20.2999992370605,2.59999990463257,17.6999988555908,6.5,14.8833332061768
"background",102,102,9.32250022888184,14.8319997787476,4.82933330535889,2962,507,34,69.9291839599609,1427,169,185,1345,10.0416669845581,47.2860565185547,411.638824462891,22.007999420166,0.772000014781952,21.2360000610352,5.17600011825562,14.2366666793823
"background",103,103,9.68566703796387,15.6599998474121,4.25266695022583,1894,298,31,62.7554664611816,875,140,154,814,10.7473335266113,46.1734580993652,469.350158691406,23.5599994659424,0.284000009298325,23.2759990692139,4.58200025558472,15.4253330230713
"background",104,104,10.6208333969116,14.9555559158325,6.82777738571167,2218,348,43,61.8473815917969,999,162,179,945,8.19166660308838,48.567195892334,334.644500732422,19.7999992370605,2.93333315849304,16.8666667938232,7.34444427490234,14.5500001907349
"background",105,105,9.51200008392334,14.6126670837402,5.36733341217041,2871,486,35,68.6868591308594,1370,170,184,1290,9.36733341217041,47.9589042663574,381.135833740234,21.0960006713867,1.56400001049042,19.5320014953613,5.71266651153564,14.0246667861938
"background",106,106,10.8548336029053,17.6700000762939,4.56666660308838,1214,206,17,65.6008071899414,576,83,87,539,11.1183338165283,43.3632354736328,536.55029296875,26.3159999847412,0.675999999046326,25.6399993896484,4.97333335876465,17.4820003509521
"background",107,107,10.125,15.7725486755371,4.9970588684082,2358,373,40,62.1983451843262,1078,171,195,1008,10.3147058486938,46.9477920532227,439.169677734375,22.7176475524902,0.747058808803558,21.970588684082,5.44117641448975,15.3637256622314
"background",108,108,8.81516647338867,14.4940004348755,3.92666673660278,2371,375,41,62.5376472473145,1087,174,194,1020,10.2496671676636,46.8534774780273,436.936248779297,21.8880004882812,0.0120000001043081,21.8760013580322,4.25066661834717,14.1733331680298
"background",109,109,9.40100002288818,14.9193334579468,4.54866647720337,2310,394,30,68.6479568481445,1105,139,152,1043,10.1966667175293,47.0760231018066,423.89404296875,22.3239994049072,0.663999974727631,21.6599998474121,4.90533304214478,14.493332862854
"background",110,110,9.6158332824707,15.8760004043579,3.86266660690308,1716,286,24,66.8164367675781,817,114,121,766,11.2390003204346,45.7018508911133,491.294494628906,24.3560009002686,-0.236000001430511,24.5920009613037,4.20533323287964,15.5880002975464
"background",111,111,10.0063333511353,15.1199998855591,5.5993332862854,2284,356,44,60.7308540344238,1023,173,187,961,9.11666679382324,47.7312393188477,390.25146484375,20.7520008087158,1.65200006961823,19.1000003814697,5.98733329772949,14.6366672515869
"background",112,112,11.6008329391479,18.6499996185303,5.05066680908203,1054,178,15,63.8579559326172,495,75,79,457,11.7049999237061,43.5713195800781,558.922973632812,27.7560005187988,0.891999959945679,26.8640003204346,5.38000011444092,18.5146675109863
"background",113,113,10.5364999771118,16.923999786377,4.63933324813843,1286,217,22,64.0679626464844,616,107,107,553,11.313666343689,45.2184906005859,506.564331054688,25.6440010070801,0.624000012874603,25.0200004577637,4.90199995040894,16.8099994659424
"background",114,114,10.1911668777466,16.2973327636719,4.42133331298828,1508,242,25,64.2856826782227,701,104,119,653,10.4136667251587,44.0212516784668,487.118408203125,24.3239994049072,0.667999982833862,23.6560001373291,4.97933340072632,16.1426658630371
"background",115,115,10.4955558776855,15.2677774429321,6.24666690826416,2090,327,41,60.8442764282227,937,159,173,883,8.62222194671631,47.8835029602051,368.398315429688,20.3066654205322,2.29999995231628,18.0066661834717,6.70555543899536,14.8344440460205
"background",116,116,10.6909999847412,16.6053333282471,5.24200010299683,1964,311,34,62.0397682189941,901,147,167,843,10.271333694458,45.6422576904297,463.018890380859,23.7119998931885,1.20800006389618,22.503999710083,5.71000003814697,16.2646675109863
"background",117,117,11.4678335189819,18.4946670532227,4.95266675949097,1017,177,13,67.5088119506836,491,65,71,456,11.7863330841064,43.7178535461426,553.533874511719,27.7840003967285,0.824000000953674,26.9600009918213,5.33733320236206,18.2760009765625
"background",118,118,10.6302080154419,14.783332824707,6.97916698455811,2253,354,40,61.6779136657715,1027,167,177,952,9.03958320617676,52.6322174072266,323.083251953125,20.3999996185303,3.22499990463257,17.1749992370605,7.33333349227905,14.5083332061768
"background",119,119,10.0616664886475,16.2786674499512,4.29400014877319,1583,249,28,61.4240074157715,737,131,136,672,10.7333335876465,44.4997215270996,492.594421386719,24.57200050354,0.452000021934509,24.1200008392334,4.65933322906494,16.1219997406006
"background",120,120,9.79549980163574,14.1573333740234,6.24066638946533,2282,359,42,61.8839530944824,1038,168,176,965,8.99966621398926,52.5435943603516,328.540496826172,19.4479999542236,2.3199999332428,17.1280002593994,6.59533309936523,13.703332901001
"background",121,121,10.2728328704834,15.8293333053589,5.17933368682861,2164,344,37,62.3945808410645,992,159,179,927,10.2423334121704,47.3743438720703,435.100219726562,22.6639995574951,1.0440000295639,21.6199989318848,5.55066680908203,15.4613332748413
"background",122,122,9.49633312225342,14.543999671936,5.24066686630249,2752,458,38,66.9012145996094,1298,176,188,1219,9.40799999237061,48.0490303039551,381.913696289062,21.0799999237061,1.5,19.5799999237061,5.5479998588562,13.9833335876465
"background",123,123,11.4759998321533,18.3266658782959,5.15333366394043,1044,183,13,68.8551483154297,509,65,69,470,11.8726673126221,44.5938529968262,541.023193359375,27.6359996795654,1.01199996471405,26.6240005493164,5.50466680526733,18.1746673583984
"background",124,124,10.5198335647583,16.8446655273438,4.67000007629395,1361,224,24,63.1926918029785,648,115,115,583,11.1296663284302,45.0593795776367,502.195648193359,25.423999786377,0.723999977111816,24.7000007629395,4.96733331680298,16.7366676330566
"background",125,125,10.1168336868286,15.0353336334229,5.6966667175293,2418,380,47,61.8213424682617,1086,175,198,1032,8.41300010681152,46.1036834716797,380.833038330078,20.2399997711182,1.99199998378754,18.2479991912842,6.16733360290527,14.6059999465942
"background",126,126,9.30599975585938,14.4273338317871,5.00600004196167,2354,374,41,62.344898223877,1075,172,185,1005,9.7480001449585,49.381965637207,387.321441650391,20.7840003967285,1.0440000295639,19.7399997711182,5.38933324813843,13.9460000991821
"background",127,127,10.52649974823,15.1093330383301,6.47266674041748,2378,385,38,63.9248275756836,1101,168,174,1025,8.80766677856445,48.7797241210938,353.930725097656,20.8120002746582,2.75600004196167,18.0559997558594,6.80866670608521,14.6966667175293
"background",128,128,10.5769996643066,17.2566661834717,4.23733329772949,1268,199,21,62.2808647155762,585,96,96,538,11.2779998779297,44.0960311889648,537.078796386719,25.6959991455078,0.120000004768372,25.5759983062744,4.68800020217896,17.2566661834717
"background",129,129,11.1836671829224,18.0860004425049,4.80999994277954,1274,207,19,61.8528633117676,587,94,97,538,11.1206665039062,42.8971862792969,544.754516601562,26.8120002746582,0.888000011444092,25.923999786377,5.17399978637695,17.9039993286133
"background",130,130,10.3358335494995,14.6673336029053,6.42133331298828,2237,367,35,64.9612579345703,1045,155,161,977,8.42766666412354,48.8957214355469,338.103393554688,19.9400005340576,2.7039999961853,17.2360000610352,6.76399993896484,14.3033332824707
"background",131,131,10.4787034988403,15.2907409667969,6.1777777671814,2150,337,43,61.2788581848145,966,162,177,912,8.68518543243408,47.7791366577148,372.064422607422,20.4222221374512,2.24444437026978,18.1777782440186,6.64074087142944,14.8462963104248
"background",132,132,10.3669996261597,17.0393333435059,4.47600030899048,1477,253,19,68.3901748657227,711,92,99,671,11.2666664123535,44.5463638305664,514.309204101562,25.8560009002686,0.564000010490417,25.2920017242432,4.83333349227905,16.6979999542236
"background",133,133,9.25816631317139,15.2720003128052,3.71133327484131,1799,290,29,62.873119354248,837,136,145,780,11.1110000610352,46.234188079834,474.678863525391,23.6240005493164,-0.407999992370605,24.0320014953613,4.11999988555908,15.0646667480469
"background",134,134,9.56649971008301,15.0393333435059,4.74200010299683,2420,380,44,62.1921730041504,1094,173,191,1034,10.1269998550415,48.1412811279297,422.974395751953,21.6560001373291,0.620000004768372,21.0359992980957,5.11133337020874,14.6606664657593
"background",135,135,10.095666885376,16.5866661071777,4.2480001449585,1581,270,20,68.8080139160156,762,97,104,720,11.1473331451416,44.9054679870605,505.001068115234,25.1639995574951,0.340000003576279,24.8239994049072,4.59266662597656,16.2746658325195
"background",136,136,10.4984998703003,15.4373340606689,6.03133344650269,2185,347,37,62.1243324279785,997,155,166,928,10.1983337402344,50.1392974853516,386.624237060547,22.07200050354,1.73199999332428,20.3400001525879,6.3033332824707,15.1386671066284
"background",137,137,10.1453332901001,16.6366672515869,4.10733318328857,1287,201,22,61.2418327331543,592,102,107,543,11.0240001678467,44.0607528686523,516.297973632812,25.1040000915527,0.0839999988675117,25.0200004577637,4.55000019073486,16.5440006256104
"background",138,138,10.4947919845581,14.4000005722046,7.16249990463257,2249,355,37,62.0440063476562,1027,159,173,952,8.83541679382324,54.4555702209473,303.758880615234,19.5750007629395,3.34999990463257,16.2250003814697,7.40833330154419,14.1708335876465
"background",139,139,9.93385410308838,14.0531253814697,6.57187509536743,2180,343,41,61.6879119873047,992,164,173,921,8.66354179382324,52.8869361877441,311.17822265625,19.0062503814697,2.625,16.3812503814697,6.97395849227905,13.625
"background",140,140,9.11416625976562,14.4393329620361,4.7519998550415,2511,420,34,67.3334426879883,1189,156,172,1117,10.0590000152588,48.1845207214355,399.509582519531,21.5879993438721,0.712000012397766,20.8759994506836,5.11199998855591,13.8966665267944
"background",141,141,10.0136671066284,16.3406658172607,4.26800012588501,1375,214,24,61.8118019104004,641,112,115,584,10.9286670684814,44.7236328125,497.893096923828,24.7080001831055,0.272000014781952,24.4360008239746,4.57000017166138,16.1613330841064
"background",142,142,9.3430004119873,15.054666519165,4.28266668319702,2232,351,39,62.2203903198242,1017,162,183,956,10.6373329162598,47.6583023071289,443.753936767578,22.5599994659424,0.240000009536743,22.3199996948242,4.62533330917358,14.746000289917
"background",143,143,11.3361663818359,18.283332824707,5.04866695404053,1254,228,14,73.1065444946289,625,67,74,588,12.309666633606,45.0705451965332,540.841247558594,28.2479991912842,0.935999989509583,27.3119983673096,5.37600040435791,17.9833335876465
"background",144,144,9.93483352661133,15.5699996948242,4.76666641235352,2324,367,40,62.9063339233398,1060,162,184,999,10.7810001373291,48.4234657287598,442.241973876953,22.7679996490479,0.504000008106232,22.2639999389648,5.17799997329712,15.2453327178955
"background",145,145,9.92483329772949,15.5373334884644,4.77133321762085,2374,381,45,62.5867729187012,1078,170,199,1024,9.51833343505859,45.4205665588379,441.335693359375,22.2399997711182,1.28399991989136,20.9559993743896,5.17733335494995,15.2746667861938
"background",146,146,10.6584997177124,17.1959991455078,4.73533344268799,1715,311,17,74.1694641113281,857,86,94,807,11.7803335189819,45.5331382751465,509.765686035156,26.576000213623,0.703999996185303,25.8719997406006,5.08199977874756,16.9120006561279
"background",147,147,10.2171669006348,16.4939994812012,4.3600001335144,1567,248,27,61.3810997009277,731,132,135,665,10.9456663131714,44.7565689086914,499.77294921875,24.9400005340576,0.483999997377396,24.4560012817383,4.72466659545898,16.3826675415039
"background",148,148,8.74716663360596,14.5773334503174,3.75866675376892,2292,384,30,67.457649230957,1088,142,155,1025,10.3590002059937,46.3034133911133,442.893981933594,22.1800003051758,-0.19200000166893,22.3719997406006,4.11399984359741,14.1046667098999
"background",149,149,9.5823335647583,15.4320001602173,4.4520001411438,2804,493,29,72.269172668457,1376,149,168,1300,10.5686664581299,46.3050575256348,449.087097167969,23.2560005187988,0.432000011205673,22.8240013122559,4.80866670608521,14.9973335266113
"background",150,150,8.65866661071777,13.8293333053589,4.7480001449585,2781,459,38,66.1202850341797,1304,178,195,1224,9.67733287811279,48.7572212219238,379.708892822266,20.6199989318848,0.772000014781952,19.8479995727539,5.11933326721191,13.1639995574951
"background",151,151,10.4010000228882,16.6213340759277,4.7093334197998,1438,225,24,61.4837188720703,661,112,119,609,10.9093332290649,45.2369117736816,491.772644042969,24.8759994506836,0.759999990463257,24.1159992218018,5.00333309173584,16.4846668243408
"background",152,152,10.0080003738403,15.6593332290649,4.81133317947388,2267,356,40,62.4539642333984,1027,158,178,970,10.760666847229,48.4802055358887,443.779815673828,22.7520008087158,0.555999994277954,22.1960010528564,5.22399997711182,15.3353338241577
"background",153,153,9.87583351135254,14.8326663970947,5.53133344650269,2598,431,37,66.2180709838867,1221,171,178,1143,9.14299964904785,47.4911689758301,380.205688476562,21.0879993438721,1.83599996566772,19.2519989013672,5.87066650390625,14.3426666259766
"background",154,154,10.5211668014526,17.173999786377,4.18333339691162,1271,201,20,63.2290496826172,591,93,93,543,11.4423332214355,44.5990562438965,535.911193847656,25.7080001831055,0.0520000010728836,25.6560001373291,4.64333343505859,17.173999786377
"background",155,155,10.456000328064,16.7866668701172,4.66933345794678,1361,212,23,62.269458770752,635,108,112,579,11.0366668701172,45.0182189941406,500.239990234375,25.2240009307861,0.708000004291534,24.5160007476807,4.93666648864746,16.6673336029053
"background",156,156,11.3523330688477,18.4086666107178,5.02199983596802,1209,222,13,74.2224731445312,607,62,71,574,12.2553329467773,44.6492767333984,543.061218261719,28.3640003204346,0.916000008583069,27.4479999542236,5.40666675567627,17.9619998931885
"background",157,157,9.47516632080078,15.5873336791992,3.75799989700317,1758,285,28,63.3582649230957,819,129,140,765,11.5103330612183,46.5327186584473,484.773010253906,24.2159996032715,-0.519999980926514,24.7360000610352,4.14200019836426,15.4086666107178
"background",158,158,9.33366680145264,14.8666667938232,4.33733320236206,2172,349,34,63.9267349243164,1006,151,163,938,10.2553329467773,47.3206596374512,430.044586181641,21.931999206543,0.260000020265579,21.6719989776611,4.71133327484131,14.5313329696655
"background",159,159,9.1051664352417,14.9393329620361,3.8253333568573,2026,332,31,65.1371154785156,952,141,152,892,10.8363332748413,46.7647743225098,455.564880371094,22.8400001525879,-0.332000017166138,23.1720008850098,4.2020001411438,14.673999786377
"background",160,160,10.394642829895,15.704761505127,5.71031761169434,2024,322,37,62.8294563293457,930,148,158,863,9.22976207733154,46.840259552002,408.082580566406,21.4714279174805,1.76666665077209,19.704761505127,6.14603185653687,15.2587299346924
"background",161,161,9.93833351135254,15.6186666488647,4.73000001907349,2319,366,40,62.7512130737305,1058,163,185,996,10.9266672134399,48.4595832824707,445.912231445312,22.992000579834,0.444000005722046,22.5480003356934,5.12200021743774,15.3033332824707
"background",162,162,9.59033298492432,15.2480001449585,4.53066682815552,2263,355,39,61.5192832946777,1032,172,193,966,10.5699996948242,47.5440826416016,439.608795166016,22.6399993896484,0.407999992370605,22.2319984436035,4.83799982070923,14.8780002593994
"background",163,163,10.1940002441406,15.8406667709351,4.96199989318848,2121,336,39,62.7596206665039,965,150,173,913,9.86533355712891,46.1687240600586,446.148681640625,22.6599998474121,1.29199993610382,21.3680000305176,5.36600017547607,15.5853328704834
"background",164,164,10.1766672134399,15.6000003814697,5.33666658401489,2156,342,38,62.2080459594727,986,159,174,919,9.92066669464111,47.6222457885742,420.170196533203,22.0440006256104,1.21200001239777,20.8320007324219,5.69266653060913,15.1906671524048
"background",165,165,8.62216663360596,14.1733331680298,3.98133325576782,2645,419,45,62.4093170166016,1208,192,212,1134,10.1243333816528,47.5767555236816,422.494903564453,21.2360000610352,-0.0439999997615814,21.2800006866455,4.25866651535034,13.7813329696655
"background",166,166,8.65183353424072,14.3986663818359,3.76333332061768,2410,408,31,68.1309051513672,1150,148,161,1085,10.2849998474121,46.387336730957,436.445617675781,21.9559993743896,-0.216000005602837,22.1719989776611,4.12133359909058,13.941333770752
"background",167,167,8.91866683959961,14.6766672134399,4.01200008392334,2311,364,40,62.1140899658203,1055,171,191,989,10.4079999923706,47.0950202941895,441.738311767578,22.2240009307861,0.124000005424023,22.1000003814697,4.30200004577637,14.3559999465942
"background",168,168,8.82433319091797,14.0179996490479,4.58799982070923,2495,399,41,63.1670837402344,1147,177,192,1073,9.76466655731201,49.1279296875,388.519897460938,20.5839996337891,0.708000004291534,19.8759994506836,4.97533321380615,13.4619998931885
"background",169,169,9.77050018310547,15.3866672515869,4.68599987030029,2181,344,40,62.6177215576172,992,154,175,938,10.2963333129883,47.4223175048828,440.157073974609,22.4400005340576,0.727999985218048,21.7119998931885,5.03733348846436,15.0833339691162
"background",170,170,7.99266672134399,13.9340000152588,3.27799987792969,2670,447,36,67.1418838500977,1265,170,185,1192,9.87399959564209,45.3351707458496,439.68603515625,21.3279991149902,-0.451999992132187,21.7799987792969,3.6266667842865,13.311333656311
"background",171,171,11.6599998474121,18.5493335723877,5.10066652297974,1031,162,19,59.1588287353516,468,85,89,432,10.8620004653931,42.3041000366211,552.309814453125,26.7199993133545,1.0440000295639,25.6759986877441,5.55533313751221,18.457332611084
"background",172,172,11.3540000915527,18.3246669769287,5.07400035858154,1187,215,14,72.7836151123047,591,65,71,554,12.2779998779297,45.000732421875,540.511291503906,28.2959995269775,1.01199996471405,27.2840003967285,5.42066669464111,17.9846668243408
"background",173,173,10.4829998016357,15.7080001831055,5.90000009536743,2002,315,37,61.7726173400879,912,149,160,845,9.39466667175293,47.6499633789062,401.835327148438,21.5839996337891,1.86800003051758,19.7159996032715,6.25933313369751,15.2986669540405
"background",174,174,10.268666267395,15.1646661758423,6.19333362579346,2048,322,38,61.542064666748,931,154,162,864,9.25799942016602,49.7207298278809,370.129211425781,20.7360000610352,2.1159999370575,18.6200008392334,6.46999979019165,14.6840000152588
"background",175,175,9.26683330535889,15.2813329696655,3.70933318138123,1900,310,29,64.8074645996094,891,133,144,834,11.2930002212524,46.7735252380371,473.832855224609,23.6560001373291,-0.488000005483627,24.1440010070801,4.09666681289673,15.0659999847412
"background",176,176,10.6234998703003,17.1040000915527,4.49533319473267,1206,189,21,62.0277214050293,556,94,99,510,10.8783330917358,43.8713226318359,521.468811035156,25.3159999847412,0.519999980926514,24.7959995269775,4.92600011825562,17.0906658172607
"background",177,177,10.1905002593994,16.6299991607666,4.26733303070068,1439,228,26,61.3153495788574,671,122,124,608,11.4776668548584,45.3376007080078,509.614654541016,25.431999206543,0.11600000411272,25.3159999847412,4.56533336639404,16.5126667022705
"background",178,178,9.48633289337158,14.4139995574951,5.45599985122681,2405,379,40,62.3909797668457,1095,170,181,1019,9.44933319091797,49.754280090332,369.705657958984,20.3600006103516,1.36800003051758,18.992000579834,5.76933336257935,13.8780002593994
"background",179,179,8.68766689300537,13.8420000076294,4.76933336257935,2660,432,40,64.6934280395508,1235,178,192,1158,9.58133316040039,48.9342880249023,378.698638916016,20.3439998626709,0.763999998569489,19.5799999237061,5.0460000038147,13.1866664886475
"background",180,180,9.27616691589355,15.4720001220703,3.92866683006287,2044,353,25,69.5897064208984,986,120,132,934,10.5843334197998,45.1473007202148,473.002349853516,23.6599998474121,0.216000005602837,23.4440002441406,4.28133344650269,15.0726661682129
"background",181,181,10.6175003051758,15.6573333740234,6.31066656112671,1882,296,35,61.8634338378906,858,142,148,793,9.03499984741211,48.181526184082,383.476013183594,21.1599998474121,2.40799999237061,18.7519989013672,6.63399982452393,15.2159996032715
"background",182,182,9.75633335113525,14.7166662216187,5.496666431427,2212,350,39,62.1764144897461,1008,161,170,939,9.58599948883057,49.7199172973633,377.846527099609,20.7199993133545,1.44000005722046,19.2799987792969,5.86466646194458,14.243332862854
"background",183,183,8.74316692352295,14.3273334503174,4.14133358001709,2458,403,35,65.8444519042969,1151,159,171,1080,10.0370006561279,47.2997169494629,418.739440917969,21.4080009460449,0.18800000846386,21.2200012207031,4.47533321380615,13.7613334655762
"background",184,184,10.6908330917358,17.058666229248,4.8493332862854,1301,203,22,61.2982139587402,600,104,109,549,11.070333480835,44.9355926513672,504.940521240234,25.488000869751,0.851999998092651,24.6360015869141,5.10066652297974,16.9673328399658
"background",185,185,9.74916648864746,14.7913331985474,5.47733306884766,2321,377,36,64.3913269042969,1075,155,167,1007,9.9709997177124,49.6168365478516,384.144866943359,21.5200004577637,1.42400002479553,20.0960006713867,5.76333332061768,14.3520002365112
"background",186,186,10.3841667175293,16.4039993286133,4.79466676712036,1638,257,28,62.5627517700195,751,117,136,701,11.0369997024536,46.7431793212891,477.987243652344,24.496000289917,0.88400000333786,23.6119995117188,5.16733312606812,16.2353324890137
"background",187,187,10.3120002746582,15.0159997940063,6.17999982833862,2362,378,39,63.1798439025879,1087,169,180,1012,9.49266624450684,49.8355026245117,362.145141601562,21.3199996948242,2.2720000743866,19.0480003356934,6.49133348464966,14.5959997177124
"background",188,188,9.43416690826416,15.0986671447754,4.36133337020874,2273,358,40,62.3519248962402,1036,164,185,975,10.6409997940063,47.8720512390137,441.362213134766,22.496000289917,0.26800000667572,22.2280006408691,4.72266674041748,14.7846670150757
"background",189,189,8.99433326721191,15.0706672668457,3.52600002288818,1908,311,30,64.0073928833008,892,138,149,836,11.1240005493164,46.1806716918945,474.354095458984,23.5200004577637,-0.568000018596649,24.0880012512207,3.89666652679443,14.8159999847412
"background",190,190,9.86716651916504,16.0219993591309,4.3013334274292,1749,275,29,62.6977958679199,814,135,143,752,10.8196668624878,45.6834449768066,483.122802734375,24.1079998016357,0.42399999499321,23.6840000152588,4.63199996948242,15.8146667480469
"background",191,191,9.18483352661133,14.4133329391479,5.03533315658569,2961,501,36,68.6825256347656,1413,176,190,1329,9.61100006103516,47.9303779602051,387.678863525391,21.1520004272461,1.10000002384186,20.0520000457764,5.38466644287109,13.7973337173462
"background",192,192,9.7209997177124,15.8746662139893,4.17000007629395,1722,272,29,62.5240898132324,805,136,145,740,10.7760000228882,45.4453468322754,482.009216308594,24.011999130249,0.300000011920929,23.7119998931885,4.48000001907349,15.6446666717529
"background",193,193,9.63883304595947,15.9513330459595,4.1506667137146,1843,316,23,69.1473693847656,887,109,120,839,10.8263330459595,45.2454566955566,483.146697998047,24.2639999389648,0.335999995470047,23.92799949646,4.47266674041748,15.5473337173462
"background",194,194,11.1126670837402,17.82200050354,4.98133325576782,1428,260,15,73.7667999267578,714,74,81,673,11.9033336639404,45.1157264709473,524.290466308594,27.3400001525879,0.955999970436096,26.3840007781982,5.34666681289673,17.5380001068115
"background",195,195,10.3266668319702,16.7386665344238,4.47933340072632,1468,259,17,71.5957946777344,719,80,90,684,11.3020000457764,45.3240280151367,501.526824951172,25.5200004577637,0.583999991416931,24.9360008239746,4.82866668701172,16.4926662445068
"background",196,196,10.3248329162598,16.707332611084,4.49866676330566,1385,223,23,62.8830757141113,652,111,115,592,11.0950002670288,44.904483795166,503.66943359375,25.2679996490479,0.560000002384186,24.7080001831055,4.75866651535034,16.5659999847412
"background",197,197,10.3740940093994,16.584056854248,4.51159429550171,1366,218,22,63.9869079589844,635,97,107,588,10.586594581604,44.1828460693359,496.248901367188,24.6608695983887,0.699999988079071,23.9608688354492,5.05652189254761,16.4659423828125
"background",198,198,10.8754997253418,17.5773334503174,4.59866666793823,1274,219,16,69.4717102050781,620,78,84,584,11.5396671295166,44.479133605957,530.8046875,26.4640007019043,0.519999980926514,25.9440002441406,4.94733333587646,17.3786659240723
"background",199,199,10.529167175293,16.7873344421387,4.68133306503296,1436,223,26,60.3627510070801,663,120,126,602,10.7063331604004,44.3142929077148,497.719329833984,24.9200000762939,0.759999990463257,24.1599998474121,5.01399993896484,16.6453342437744
"background",200,200,9.71799945831299,15.7893333435059,4.0959997177124,1745,278,30,61.6691551208496,805,136,146,748,11.007999420166,45.9969940185547,478.9111328125,23.9079990386963,-0.0240000002086163,23.931999206543,4.46199989318848,15.5179996490479
"background",201,201,10.4670829772949,15.0950002670288,6.34500026702881,2131,333,43,60.9227867126465,956,162,178,901,8.48750019073486,48.1423721313477,357.739074707031,20.0799999237061,2.45000004768372,17.6299991607666,6.82666683197021,14.6599998474121
"background",202,202,9.57716655731201,15.757999420166,3.95799994468689,1873,294,32,61.5989074707031,868,151,159,800,10.8376665115356,44.8207893371582,485.572601318359,24.1119995117188,-0.068000003695488,24.1800003051758,4.27600002288818,15.5393333435059
"background",203,203,8.84216690063477,14.6406669616699,3.87800002098083,2227,353,38,62.8213806152344,1024,163,180,958,10.2030000686646,46.167423248291,445.332000732422,22.1679992675781,0.068000003695488,22.0999984741211,4.19600009918213,14.3140001296997
"background",204,204,11.7981662750244,18.7880001068115,5.23866653442383,1069,177,17,61.8003997802734,496,82,84,458,11.0183334350586,42.4565849304199,558.365661621094,27.2320003509521,1.27999997138977,25.9519996643066,5.59200000762939,18.734001159668
"background",205,205,9.26416683197021,15.1906671524048,4.00333309173584,2119,336,35,63.0092849731445,980,156,171,915,10.671667098999,46.261775970459,460.962554931641,23.0520000457764,-0.0160000007599592,23.068000793457,4.32200002670288,14.9173336029053
"background",206,206,10.0053329467773,15.6006660461426,4.92666673660278,2212,352,38,62.4978179931641,1016,163,185,951,10.2706670761108,47.1650772094727,436.419647216797,22.5639991760254,0.787999987602234,21.7759990692139,5.30266666412354,15.2193336486816
"background",207,207,11.514666557312,18.478666305542,5.22800016403198,1130,202,14,71.2085037231445,557,66,68,521,12.2286672592163,45.1042594909668,541.53173828125,28.3199996948242,1.20800006389618,27.1119995117188,5.57866668701172,18.1900005340576
"background",208,208,9.99549961090088,15.1420001983643,5.44266653060913,2230,370,32,66.2164306640625,1048,143,155,982,10.1129999160767,48.7796630859375,397.705474853516,22.1760005950928,1.44400000572205,20.7320003509521,5.7873330116272,14.7593336105347
"background",209,209,10.2505950927734,14.5892848968506,6.48571395874023,2364,375,42,62.246696472168,1083,170,183,1006,9.12738037109375,52.1990737915039,335.539367675781,20.2285709381104,2.7428572177887,17.4857139587402,6.82023811340332,14.2821426391602
"background",210,210,10.1616668701172,14.9173336029053,5.92999982833862,2415,388,39,63.5641670227051,1115,172,181,1037,9.30266666412354,49.0233306884766,367.236785888672,21.1719989776611,2.19600009918213,18.9759979248047,6.26533365249634,14.4759998321533
"background",211,211,9.52600002288818,15.5286664962769,3.99666666984558,2014,324,32,63.6329078674316,937,145,159,874,10.815333366394,46.2747421264648,471.205169677734,23.2000007629395,-0.172000005841255,23.3720016479492,4.35533332824707,15.1986665725708
"background",212,212,10.206000328064,16.5499992370605,4.35066652297974,1367,220,24,62.5369262695312,644,114,114,582,11.268666267395,45.2266273498535,502.794586181641,25.1919994354248,0.276000022888184,24.9160003662109,4.6399998664856,16.4200000762939
"background",213,213,10.7962503433228,15.2983331680298,6.88000011444092,2203,346,43,61.682674407959,992,162,179,937,8.21583366394043,47.8499336242676,346.457214355469,20.1599998474121,2.99000000953674,17.1700000762939,7.40166664123535,14.8766670227051
"background",214,214,11.4361667633057,18.4013328552246,5.02200031280518,1039,176,14,65.4222564697266,494,71,75,453,11.7723331451416,43.9922752380371,548.061645507812,27.6840000152588,0.923999965190887,26.7600002288818,5.35533332824707,18.1800003051758
"background",215,215,9.89550018310547,15.076000213623,5.44600009918213,2306,360,43,61.1209678649902,1036,172,185,971,9.30766677856445,47.9085159301758,394.932189941406,20.8799991607666,1.45200002193451,19.42799949646,5.81933355331421,14.6053333282471
"background",216,216,9.72183322906494,14.9539995193481,5.20333337783813,2635,442,36,67.1859512329102,1247,167,179,1172,9.64766693115234,47.4413223266602,398.771453857422,21.7999992370605,1.46399998664856,20.3359985351562,5.53733348846436,14.4519996643066
"background",217,217,9.70800018310547,16.1733341217041,3.95266652107239,1722,283,25,64.7274932861328,807,119,127,757,11.1433334350586,44.8604393005371,500.250732421875,24.7119998931885,-0.128000006079674,24.8400001525879,4.31400012969971,15.8033332824707
"background",218,218,11.324333190918,18.2506656646729,4.97066688537598,1224,197,17,62.5400581359863,566,90,90,515,11.5879993438721,43.5508117675781,544.112731933594,27.3319988250732,0.723999977111816,26.6079978942871,5.33266639709473,18.2506656646729
"background",219,219,9.90283298492432,15.684666633606,4.56266689300537,1883,300,34,62.890983581543,862,134,159,811,10.451000213623,46.1453552246094,457.803680419922,23.496000289917,0.84799998998642,22.6480007171631,4.99666690826416,15.4946670532227
"background",220,220,9.3241662979126,14.5539999008179,4.91599988937378,2367,387,35,65.2513275146484,1103,155,167,1035,9.93966674804688,48.5430068969727,396.404388427734,21.3840007781982,0.907999992370605,20.476001739502,5.22466659545898,14.0633335113525
"background",221,221,10.8739995956421,17.6206665039062,4.65133333206177,1236,204,19,64.143928527832,580,89,94,543,11.2473335266113,43.7775688171387,530.18359375,26.2840003967285,0.592000007629395,25.6920013427734,5.05066680908203,17.3626670837402
"background",222,222,10.6450004577637,17.2040004730225,4.59133338928223,1333,217,21,62.7799606323242,619,99,104,578,10.7473335266113,43.3990211486816,516.972961425781,25.4519996643066,0.688000023365021,24.7639999389648,5.00600004196167,16.9899997711182
"background",223,223,11.3353328704834,18.2473335266113,5.08666658401489,1176,209,14,70.9258041381836,579,69,72,542,12.0059995651245,44.9393615722656,536.976745605469,27.8640003204346,1.14800000190735,26.7159996032715,5.48133325576782,17.9306659698486
"background",224,224,11.452166557312,18.3946666717529,4.97933340072632,1079,180,16,63.691951751709,507,78,82,464,11.5190000534058,43.4810523986816,550.515808105469,27.4119987487793,0.919999957084656,26.4919986724854,5.33866691589355,18.2513332366943
"background",225,225,10.5395002365112,16.9526672363281,4.54466676712036,1517,239,28,60.0654258728027,697,128,133,640,10.8916664123535,43.9250946044922,510.174652099609,25.2880001068115,0.492000013589859,24.7959995269775,4.89666652679443,16.804666519165
"background",226,226,10.5988330841064,17.0359992980957,4.6526665687561,1304,214,23,62.6866416931152,617,111,111,556,11.4423332214355,45.2409172058105,510.422058105469,25.8680000305176,0.576000034809113,25.2919998168945,4.92000007629395,16.9153327941895
"background",227,227,11.5773334503174,18.5419998168945,5.08599996566772,1064,179,16,63.2278327941895,499,78,82,462,11.2406663894653,43.0874977111816,553.039611816406,27.1720008850098,1.08399999141693,26.0880012512207,5.47399997711182,18.4406661987305
"background",228,228,10.2996664047241,16.6840000152588,4.42266654968262,1337,216,23,62.9639205932617,632,110,111,570,11.2813329696655,45.0532493591309,505.512481689453,25.3880004882812,0.348000019788742,25.0400009155273,4.70333337783813,16.5580005645752
"background",229,229,9.91316699981689,16.1299991607666,4.43866634368896,1914,337,22,71.1136932373047,931,105,118,885,11.0950002670288,45.7261810302734,478.131103515625,24.7199993133545,0.456000000238419,24.2639999389648,4.76533317565918,15.7573328018188
"background",230,230,10.3380002975464,16.800666809082,4.21600008010864,1311,208,20,63.7109336853027,611,93,104,561,11.2553329467773,44.8276786804199,518.962890625,25.2479991912842,0.140000000596046,25.1079998016357,4.65533304214478,16.7386665344238
"background",231,231,10.0538330078125,14.4840002059937,6.29866647720337,2143,337,40,61.7759666442871,975,160,167,906,9.02700042724609,51.8435554504395,337.437377929688,19.7240009307861,2.31200003623962,17.4120006561279,6.67066669464111,14.0620002746582
"background",232,232,11.728666305542,18.6900005340576,5.19533348083496,1049,176,17,62.029411315918,489,81,85,449,11.2439994812012,42.8636779785156,555.447204589844,27.3680000305176,1.1360000371933,26.2320003509521,5.5620002746582,18.6253337860107
"background",233,233,10.4569997787476,16.8886661529541,4.56199979782104,1348,223,23,63.5721054077148,641,111,112,579,11.2766666412354,45.0202293395996,508.161071777344,25.6119995117188,0.564000010490417,25.0480003356934,4.83199977874756,16.7666664123535
"background",234,234,10.0901670455933,16.4893341064453,4.1473331451416,1294,201,23,60.8337821960449,593,103,109,542,10.5790004730225,43.4063682556152,508.527587890625,24.6200008392334,0.248000010848045,24.3720016479492,4.6013331413269,16.3773326873779
