"species","x","y","wc2.1_2.5m_bio_1","wc2.1_2.5m_bio_10","wc2.1_2.5m_bio_11","wc2.1_2.5m_bio_12","wc2.1_2.5m_bio_13","wc2.1_2.5m_bio_14","wc2.1_2.5m_bio_15","wc2.1_2.5m_bio_16","wc2.1_2.5m_bio_17","wc2.1_2.5m_bio_18","wc2.1_2.5m_bio_19","wc2.1_2.5m_bio_2","wc2.1_2.5m_bio_3","wc2.1_2.5m_bio_4","wc2.1_2.5m_bio_5","wc2.1_2.5m_bio_6","wc2.1_2.5m_bio_7","wc2.1_2.5m_bio_8","wc2.1_2.5m_bio_9"
"species",1,1,9.99149990081787,15.978666305542,4.52333307266235,1775,279,29,62.590015411377,818,131,145,761,10.8470001220703,46.3546981811523,471.469360351562,23.9640007019043,0.564000010490417,23.4000015258789,4.85666656494141,15.7679996490479
"species",2,2,9.55966663360596,15.3346672058105,4.2960000038147,2091,329,35,61.8597793579102,960,158,178,896,10.6339998245239,46.9285049438477,452.339630126953,22.8560009002686,0.196000009775162,22.6600017547607,4.60200023651123,14.992000579834
"species",3,3,9.88583374023438,15.3406667709351,5.08733367919922,2422,379,43,61.7857055664062,1095,174,194,1025,10.0196666717529,47.9593505859375,420.009521484375,21.8039989471436,0.912000000476837,20.8919982910156,5.44799995422363,14.9019994735718
"species",4,4,9.7180004119873,15.2693328857422,4.77733325958252,2476,391,43,62.0708999633789,1129,181,203,1057,10.4320001602173,48.0825958251953,430.181335449219,22.2399997711182,0.544000029563904,21.6959991455078,5.11733341217041,14.8913335800171
"species",5,5,10.4206666946411,16.4753341674805,4.71799993515015,1690,266,29,61.4502563476562,777,132,144,721,10.318000793457,44.6744003295898,480.038146972656,23.9080009460449,0.811999976634979,23.0960006713867,5.13199996948242,16.2153339385986
"species",6,6,10.2763338088989,15.4213333129883,5.62599992752075,2221,348,42,61.8541793823242,999,161,177,946,9.43666648864746,48.028636932373,400.534240722656,21.1879997253418,1.53999996185303,19.6479988098145,6.0533332824707,15.0226669311523
"species",7,7,10.2051668167114,15.2633333206177,5.94799995422363,2091,328,39,61.2442359924316,948,159,168,881,9.375,49.0734939575195,383.540618896484,21.0639991760254,1.95999991893768,19.1040000915527,6.25066661834717,14.800666809082
"species",8,8,8.95633316040039,14.2119998931885,4.62133359909058,2439,394,38,64.0254211425781,1129,168,181,1057,9.74400043487549,48.4197959899902,394.932678222656,20.8040008544922,0.680000007152557,20.1240005493164,4.92266654968262,13.6840000152588
"species",9,9,7.8513331413269,13.6119995117188,3.16000008583069,2583,424,38,65.4364242553711,1212,176,189,1138,10.0139999389648,46.5767440795898,429.595001220703,20.9440002441406,-0.555999994277954,21.5,3.5646665096283,13.029333114624
"species",10,10,8.0644998550415,13.5393333435059,3.87399983406067,2731,446,40,65.3496398925781,1275,181,195,1196,9.70100021362305,47.5632476806641,402.100555419922,20.3880004882812,-0.00800000037997961,20.3959999084473,4.21666669845581,12.8446664810181
"species",11,11,7.93533325195312,13.7853336334229,3.11533331871033,2513,414,36,65.8168182373047,1182,169,181,1111,10.0719995498657,46.1003303527832,438.278900146484,21.2439994812012,-0.60400003194809,21.8479995727539,3.50333333015442,13.2333335876465
"species",12,12,8.1473331451416,13.6759996414185,3.73666667938232,2628,428,40,64.5963592529297,1223,181,195,1148,9.90799999237061,47.5888557434082,410.501922607422,20.6879997253418,-0.131999999284744,20.8199996948242,4.09466648101807,13.0659999847412
"species",13,13,10.2974996566772,16.7253341674805,4.44733333587646,1487,261,18,71.1214294433594,726,83,92,690,11.2723331451416,45.248607635498,502.325134277344,25.4360008239746,0.523999989032745,24.9120006561279,4.78266668319702,16.4659996032715
"species",14,14,9.61116695404053,15.039999961853,4.84466695785522,2436,382,45,61.8943710327148,1099,176,194,1038,10.0089998245239,48.17578125,418.872619628906,21.5240001678467,0.748000025749207,20.7760009765625,5.22000026702881,14.6520004272461
"species",15,15,9.44683361053467,15.0846662521362,4.51133346557617,2529,398,44,62.1556243896484,1148,181,203,1079,10.3810005187988,47.8034629821777,434.799560546875,22.068000793457,0.351999998092651,21.7160015106201,4.84466648101807,14.7013339996338
"species",16,16,8.80283355712891,14.5160007476807,4.03599977493286,2536,432,32,68.7517013549805,1214,152,167,1146,10.201000213623,46.5289154052734,430.302215576172,22.0400009155273,0.11600000411272,21.9240016937256,4.36266660690308,13.989333152771
"species",17,17,9.44683361053467,15.0846662521362,4.51133346557617,2529,398,44,62.1556243896484,1148,181,203,1079,10.3810005187988,47.8034629821777,434.799560546875,22.068000793457,0.351999998092651,21.7160015106201,4.84466648101807,14.7013339996338
"species",18,18,9.49633312225342,14.543999671936,5.24066686630249,2752,458,38,66.9012145996094,1298,176,188,1219,9.40799999237061,48.0490303039551,381.913696289062,21.0799999237061,1.5,19.5799999237061,5.5479998588562,13.9833335876465
"species",19,19,9.05366611480713,14.3619995117188,4.6540002822876,2485,396,43,62.6020278930664,1140,183,199,1067,10.1453332901001,49.2874717712402,400.54345703125,21.1879997253418,0.603999972343445,20.5839996337891,4.99933338165283,13.8706665039062
"species",20,20,9.22616672515869,14.7913331985474,4.36533355712891,2333,373,38,63.2563095092773,1076,168,182,1007,10.3263330459595,47.8691520690918,427.897521972656,21.8479995727539,0.275999993085861,21.57200050354,4.71600008010864,14.3680000305176
"species",21,21,9.14599990844727,14.9153327941895,4.04266691207886,2271,365,36,63.8636322021484,1053,161,174,984,10.4373331069946,46.7622489929199,445.856109619141,22.2239990234375,-0.096000000834465,22.3199996948242,4.37266683578491,14.5133333206177
"species",22,22,9.15816688537598,14.5380001068115,4.6560001373291,2539,429,33,68.0937118530273,1209,154,170,1139,9.98299980163574,47.6925277709961,405.950775146484,21.6800003051758,0.748000025749207,20.9320011138916,4.99666690826416,14.0126667022705
"species",23,23,9.39583301544189,14.764666557312,4.7926664352417,2356,398,31,67.8996734619141,1121,144,159,1055,10.2316665649414,47.9549446105957,409.070037841797,22.0839996337891,0.748000025749207,21.3360004425049,5.13533306121826,14.3066663742065
"species",24,24,10.4731483459473,15.8092594146729,5.7018518447876,2018,320,36,62.7603149414062,926,146,158,859,9.3462963104248,46.7834625244141,412.270812988281,21.7111110687256,1.73333334922791,19.9777774810791,6.14444446563721,15.3796300888062
"species",25,25,10.5198335647583,16.8446655273438,4.67000007629395,1361,224,24,63.1926918029785,648,115,115,583,11.1296663284302,45.0593795776367,502.195648193359,25.423999786377,0.723999977111816,24.7000007629395,4.96733331680298,16.7366676330566
"species",26,26,9.40100002288818,14.9193334579468,4.54866647720337,2310,394,30,68.6479568481445,1105,139,152,1043,10.1966667175293,47.0760231018066,423.89404296875,22.3239994049072,0.663999974727631,21.6599998474121,4.90533304214478,14.493332862854
"species",27,27,9.21683311462402,14.4213333129883,4.8953332901001,2670,443,36,66.6366348266602,1256,168,183,1178,9.61766624450684,47.8681411743164,391.930297851562,21.1800003051758,1.08800005912781,20.0920009613037,5.20333337783813,13.8566665649414
"species",28,28,10.247166633606,15.28600025177,5.8986668586731,2175,337,42,60.0115394592285,968,167,180,909,8.95100021362305,47.7233963012695,384.060729980469,20.7199993133545,1.96399998664856,18.7559986114502,6.29533338546753,14.8026666641235
"species",29,29,9.5019998550415,14.5406665802002,5.33933305740356,2478,386,47,60.7599105834961,1111,187,203,1043,9.15933322906494,48.4826011657715,379.272247314453,20.2639999389648,1.37199997901917,18.8920001983643,5.67066669464111,14.0220003128052
"species",30,30,8.75966644287109,14.2506666183472,4.27199983596802,2744,462,35,68.0298309326172,1304,168,183,1227,9.77133369445801,46.9053993225098,410.522064208984,21.3320007324219,0.5,20.8320007324219,4.59466648101807,13.6540002822876
"species",31,31,10.3521671295166,15.4206666946411,5.89400005340576,2209,355,37,62.9425468444824,1015,154,166,948,10.3743333816528,49.9342193603516,391.778381347656,22.3600006103516,1.58399999141693,20.7760009765625,6.16666650772095,15.0553340911865
"species",32,32,10.0635004043579,15.1219997406006,5.59066677093506,2276,373,34,65.1933212280273,1062,151,162,993,10.0010004043579,49.0629920959473,390.889221191406,21.9799995422363,1.59599995613098,20.3839988708496,5.92266654968262,14.7340002059937
"species",33,33,8.34783363342285,14.1459999084473,3.52066683769226,2447,408,34,66.7793197631836,1158,157,170,1089,10.1183338165283,46.3378524780273,436.255065917969,21.5240001678467,-0.312000006437302,21.8360004425049,3.87466669082642,13.6153335571289
"species",34,34,7.98433351516724,13.7719993591309,3.28600001335144,2655,444,35,67.1449356079102,1257,168,182,1184,9.94266700744629,45.7934188842773,431.727416992188,21.1119995117188,-0.600000023841858,21.7119998931885,3.65866661071777,13.1940002441406
"species",35,35,7.98433351516724,13.7719993591309,3.28600001335144,2655,444,35,67.1449356079102,1257,168,182,1184,9.94266700744629,45.7934188842773,431.727416992188,21.1119995117188,-0.600000023841858,21.7119998931885,3.65866661071777,13.1940002441406
"species",36,36,10.4729166030884,14.7666664123535,6.81666660308838,1940,304,38,61.0865135192871,877,147,159,816,8.17083358764648,49.520206451416,326.547821044922,19.5499992370605,3.04999995231628,16.5,7.28333330154419,14.3000001907349
"species",37,37,9.19700050354004,14.7693328857422,4.39933347702026,2273,375,32,66.2159271240234,1068,145,157,1002,10.2639999389648,47.5097236633301,424.539123535156,21.9839992523193,0.379999995231628,21.6040000915527,4.74266672134399,14.2980003356934
"species",38,38,8.23699951171875,14.2333326339722,3.26333332061768,2455,411,33,67.2596969604492,1166,156,169,1096,10.2086668014526,45.574405670166,450.043304443359,21.8680000305176,-0.532000005245209,22.3999996185303,3.62933325767517,13.6879997253418
"species",39,39,7.81733322143555,13.5799999237061,3.32866668701172,2729,452,38,66.237060546875,1284,178,191,1208,9.83733367919922,46.2454566955566,424.386871337891,20.7679996490479,-0.504000008106232,21.2719993591309,3.67199993133545,12.9006662368774
"species",40,40,8.77750015258789,14.4086666107178,4.03933334350586,2403,399,33,66.6819152832031,1134,152,165,1066,10.1723337173462,47.242862701416,425.238342285156,21.6919994354248,0.159999996423721,21.5319995880127,4.36933326721191,13.8953332901001
"species",41,41,7.74566650390625,13.6513328552246,3.09266662597656,2708,447,37,66.118782043457,1272,177,191,1197,9.93133354187012,45.7159538269043,435.719177246094,20.9839992523193,-0.740000009536743,21.7239990234375,3.4593334197998,12.974666595459
"species",42,42,7.81733322143555,13.5799999237061,3.32866668701172,2729,452,38,66.237060546875,1284,178,191,1208,9.83733367919922,46.2454566955566,424.386871337891,20.7679996490479,-0.504000008106232,21.2719993591309,3.67199993133545,12.9006662368774
"species",43,43,10.1937503814697,15.2041673660278,5.88749980926514,2040,320,38,61.4902801513672,924,153,163,860,8.65416717529297,46.9696960449219,380.910064697266,20.5,2.07500004768372,18.4249992370605,6.31666660308838,14.6958332061768
"species",44,44,10.2554998397827,16.2653331756592,4.58533334732056,1736,277,29,62.1081161499023,801,132,145,747,10.3436670303345,45.0508117675781,477.178192138672,23.6359996795654,0.675999999046326,22.9599990844727,4.96333312988281,15.9873332977295
"species",45,45,9.52600002288818,15.5286664962769,3.99666666984558,2014,324,32,63.6329078674316,937,145,159,874,10.815333366394,46.2747421264648,471.205169677734,23.2000007629395,-0.172000005841255,23.3720016479492,4.35533332824707,15.1986665725708
"species",46,46,10.4206666946411,16.4753341674805,4.71799993515015,1690,266,29,61.4502563476562,777,132,144,721,10.318000793457,44.6744003295898,480.038146972656,23.9080009460449,0.811999976634979,23.0960006713867,5.13199996948242,16.2153339385986
"species",47,47,9.58199977874756,15.6280002593994,3.98133325576782,1759,282,29,62.3747825622559,815,135,144,759,11.0260000228882,46.149341583252,476.937377929688,23.7759990692139,-0.11600000411272,23.8919982910156,4.37733316421509,15.3520002365112
"species",48,48,9.45916652679443,13.7513332366943,6.18599987030029,2497,394,43,62.4106674194336,1138,179,188,1060,8.93966674804688,52.7600746154785,318.741455078125,19.1079998016357,2.16400003433228,16.9440002441406,6.52400016784668,13.2239999771118
"species",49,49,10.5683336257935,16.779333114624,4.78399991989136,1488,232,27,59.9636268615723,682,123,132,624,10.5833330154419,44.4006271362305,491.16943359375,24.6599998474121,0.824000000953674,23.8360004425049,5.16200017929077,16.5626659393311
"species",50,50,9.33699989318848,15.4166669845581,3.71066665649414,1847,300,29,63.8483695983887,863,134,145,807,11.434666633606,46.6264343261719,479.325775146484,23.9640007019043,-0.560000002384186,24.5240001678467,4.1080002784729,15.2093334197998
"species",51,51,10.1239995956421,16.2099990844727,4.43666648864746,1714,272,29,61.7956886291504,790,132,144,735,10.731333732605,45.5180397033691,482.012664794922,23.988000869751,0.412000000476837,23.576000213623,4.78800010681152,15.9519996643066
"species",52,52,9.4694995880127,15.5053329467773,3.92333340644836,1830,295,30,62.5693969726562,849,139,150,793,10.9723329544067,46.1643104553223,474.331115722656,23.6000003814697,-0.167999997735023,23.7679996490479,4.31066656112671,15.206000328064
"species",53,53,8.98799991607666,15.0840005874634,3.52066659927368,1962,318,31,63.718635559082,915,142,154,856,11.243332862854,46.3987007141113,474.544494628906,23.576000213623,-0.656000018119812,24.2320003509521,3.88933324813843,14.8053331375122
"species",54,54,9.19316673278809,15.3353328704834,3.55733323097229,1835,302,28,64.9651794433594,863,129,139,810,11.335000038147,46.3031044006348,482.252777099609,23.9039993286133,-0.576000034809113,24.4799995422363,3.95199990272522,15.0926666259766
"species",55,55,9.07499980926514,15.0939998626709,3.67799997329712,2005,324,32,63.4512939453125,934,147,159,873,11.1613330841064,46.5676460266113,468.156524658203,23.4519996643066,-0.515999972820282,23.9680004119873,4.04400014877319,14.7886667251587
"species",56,56,9.4355001449585,15.5753335952759,3.69933342933655,1783,290,28,64.1234588623047,834,128,139,780,11.635666847229,46.7521133422852,486.524627685547,24.2800006866455,-0.608000040054321,24.8880004882812,4.08933353424072,15.3973331451416
"species",57,57,9.4355001449585,15.5753335952759,3.69933342933655,1783,290,28,64.1234588623047,834,128,139,780,11.635666847229,46.7521133422852,486.524627685547,24.2800006866455,-0.608000040054321,24.8880004882812,4.08933353424072,15.3973331451416
"species",58,58,9.17166709899902,15.1633329391479,3.70533323287964,1861,300,30,63.0842971801758,866,139,149,808,11.0766668319702,46.3769340515137,470.462127685547,23.4720001220703,-0.412000000476837,23.8840007781982,4.0973334312439,14.9180002212524
"species",59,59,9.3841667175293,15.543999671936,3.61466670036316,1711,280,27,64.2594604492188,802,123,132,751,11.4643335342407,46.2569923400879,489.217193603516,24.2040004730225,-0.580000042915344,24.7840003967285,4.0053334236145,15.3813333511353
"species",60,60,9.3769998550415,15.5699996948242,3.61866664886475,1768,290,27,64.7812118530273,831,125,134,778,11.6059999465942,46.4388618469238,489.472778320312,24.3159999847412,-0.675999999046326,24.992000579834,4.00866651535034,15.3793334960938
"species",61,61,8.74183368682861,14.7933330535889,3.44199991226196,2047,333,32,63.782096862793,955,148,159,894,10.8590002059937,45.9893264770508,467.071228027344,23.0799999237061,-0.532000005245209,23.6119995117188,3.8199999332428,14.4626665115356
"species",62,62,8.94700050354004,14.9786672592163,3.52533316612244,1948,315,31,63.2030944824219,907,145,155,848,11.0746669769287,46.267822265625,470.65673828125,23.3600006103516,-0.576000034809113,23.9360008239746,3.91133332252502,14.7186670303345
"species",63,63,8.94700050354004,14.9786672592163,3.52533316612244,1948,315,31,63.2030944824219,907,145,155,848,11.0746669769287,46.267822265625,470.65673828125,23.3600006103516,-0.576000034809113,23.9360008239746,3.91133332252502,14.7186670303345
"species",64,64,8.76200008392334,14.8393335342407,3.41000008583069,2024,332,31,64.6189804077148,950,144,155,892,10.8966665267944,45.9000282287598,469.571502685547,23.1040000915527,-0.636000037193298,23.7399997711182,3.77799987792969,14.4986667633057
"species",65,65,9.47516632080078,15.5873336791992,3.75799989700317,1758,285,28,63.3582649230957,819,129,140,765,11.5103330612183,46.5327186584473,484.773010253906,24.2159996032715,-0.519999980926514,24.7360000610352,4.14200019836426,15.4086666107178
"species",66,66,10.3780002593994,16.2473335266113,4.96066665649414,1964,312,33,62.3653221130371,902,144,164,845,10.1813335418701,45.607120513916,460.81298828125,23.3159999847412,0.992000043392181,22.3239994049072,5.39133310317993,15.9146671295166
"species",67,67,9.20666694641113,15.0939998626709,3.91266655921936,2154,346,34,63.5878486633301,1001,156,171,935,10.6800003051758,46.5805969238281,458.121215820312,22.6760005950928,-0.252000004053116,22.9280014038086,4.2480001449585,14.7233333587646
"species",68,68,8.74183368682861,14.7933330535889,3.44199991226196,2047,333,32,63.782096862793,955,148,159,894,10.8590002059937,45.9893264770508,467.071228027344,23.0799999237061,-0.532000005245209,23.6119995117188,3.8199999332428,14.4626665115356
"species",69,69,8.95883369445801,15.0026664733887,3.57466650009155,1989,322,31,63.5693092346191,927,145,156,868,11.1709995269775,46.4761161804199,469.440032958984,23.4360008239746,-0.600000023841858,24.0360012054443,3.92933320999146,14.7093334197998
"species",70,70,9.3841667175293,15.543999671936,3.61466670036316,1711,280,27,64.2594604492188,802,123,132,751,11.4643335342407,46.2569923400879,489.217193603516,24.2040004730225,-0.580000042915344,24.7840003967285,4.0053334236145,15.3813333511353
"species",71,71,8.98799991607666,15.0840005874634,3.52066659927368,1962,318,31,63.718635559082,915,142,154,856,11.243332862854,46.3987007141113,474.544494628906,23.576000213623,-0.656000018119812,24.2320003509521,3.88933324813843,14.8053331375122
"species",72,72,9.53499984741211,15.6259994506836,3.8306667804718,1825,295,29,63.6896324157715,852,133,145,795,11.2946662902832,46.3656272888184,481.756469726562,23.9479999542236,-0.412000000476837,24.3600006103516,4.25133323669434,15.4006671905518
"species",73,73,8.81083297729492,14.7693328857422,3.5220000743866,2125,349,31,65.6515502929688,1000,144,155,938,10.7683334350586,46.343318939209,459.991851806641,22.7119998931885,-0.523999989032745,23.2360000610352,3.91466665267944,14.423999786377
"species",74,74,9.32783317565918,15.264666557312,3.81933331489563,1929,313,30,64.1946029663086,901,137,149,842,11.0803327560425,46.6422538757324,468.2607421875,23.3759994506836,-0.379999995231628,23.7559986114502,4.22266674041748,15.0453329086304
"species",75,75,9.44499969482422,15.4473333358765,3.88266658782959,1948,314,31,63.7731132507324,907,140,152,847,11.1166667938232,46.5912284851074,472.380310058594,23.5319995880127,-0.328000009059906,23.8599987030029,4.27866649627686,15.191333770752
"species",76,76,9.02733325958252,14.9586668014526,3.67799997329712,2021,332,30,65.3335037231445,951,139,150,892,11.0453329086304,46.8419570922852,462.235717773438,23.1079998016357,-0.472000002861023,23.5799999237061,4.0566668510437,14.6866664886475
"species",77,77,8.99266624450684,14.8660001754761,3.81133341789246,2199,355,36,63.7580833435059,1026,161,175,960,10.7266664505005,46.7107925415039,453.759826660156,22.6359996795654,-0.328000009059906,22.9639987945557,4.12400007247925,14.4886665344238
"species",78,78,9.68883323669434,15.673999786377,4.16333341598511,1840,296,30,62.7974090576172,854,138,151,798,10.7230005264282,45.9977684020996,471.075836181641,23.4440002441406,0.131999999284744,23.3120002746582,4.53133344650269,15.3693332672119
"species",79,79,9.58466720581055,15.3946666717529,4.31266641616821,2084,334,34,63.1228218078613,965,153,170,904,10.4066667556763,46.3259735107422,453.938812255859,22.7320003509521,0.26800000667572,22.4640007019043,4.66800022125244,15.046667098999
"species",80,80,10.4166669845581,16.3999996185303,4.84866666793823,1809,287,30,62.1578330993652,833,137,151,778,10.2233333587646,45.0446510314941,470.293426513672,23.6399993896484,0.944000005722046,22.6959991455078,5.32200002670288,16.0620002746582
"species",81,81,9.1158332824707,15.1193332672119,3.74133348464966,2095,338,34,63.4464378356934,976,154,167,911,11.0110006332397,46.4756050109863,466.613800048828,23.2080001831055,-0.483999997377396,23.6919994354248,4.08800029754639,14.7853336334229
"species",82,82,9.29450035095215,15.0673332214355,4.23666667938232,2248,358,38,62.6889457702637,1038,168,187,972,10.6630001068115,47.2483139038086,443.893768310547,22.6280002593994,0.0600000023841858,22.568000793457,4.59666681289673,14.6706666946411
"species",83,83,10.6426668167114,16.5746669769287,5.10066652297974,1852,294,31,61.931884765625,849,138,157,795,10.1960000991821,45.2351379394531,467.726318359375,23.6959991455078,1.15600001811981,22.5399990081787,5.55800008773804,16.257999420166
"species",84,84,10.7620830535889,15.3166666030884,6.96500015258789,1871,295,35,61.8687629699707,854,141,148,790,8.83583354949951,50.6932487487793,344.609375,20.4400005340576,3.00999999046326,17.4300003051758,7.25833320617676,14.8833332061768
"species",85,85,9.72183322906494,15.3526668548584,4.69733333587646,2506,395,43,62.2348480224609,1139,178,201,1069,10.5249996185303,48.0067520141602,437.590393066406,22.3479995727539,0.42399999499321,21.923999786377,5.01800012588501,14.9846668243408
"species",86,86,9.69716644287109,15.2893333435059,4.67600011825562,2384,377,42,62.7541694641113,1086,169,189,1024,10.4536666870117,48.0672569274902,435.088287353516,22.2639999389648,0.516000032424927,21.7479991912842,5.08133363723755,14.9313335418701
"species",87,87,10.3846664428711,16.482666015625,4.60866641998291,1657,264,28,61.8991088867188,764,127,139,711,10.4313325881958,44.8698081970215,485.638793945312,23.9720001220703,0.723999977111816,23.2480010986328,4.97599983215332,16.2426662445068
"species",88,88,9.17266654968262,15.1759996414185,3.7720000743866,2014,325,33,63.0316352844238,936,150,163,876,10.9693326950073,46.3701934814453,467.892517089844,23.2679996490479,-0.388000011444092,23.6560001373291,4.12466669082642,14.8486661911011
"species",89,89,10.4541664123535,16.5739994049072,4.67000007629395,1639,258,29,60.8423004150391,751,129,142,696,10.6490001678467,45.1841506958008,486.385528564453,24.2479991912842,0.680000007152557,23.5679988861084,5.05000019073486,16.3400001525879
"species",90,90,9.68883323669434,15.673999786377,4.16333341598511,1840,296,30,62.7974090576172,854,138,151,798,10.7230005264282,45.9977684020996,471.075836181641,23.4440002441406,0.131999999284744,23.3120002746582,4.53133344650269,15.3693332672119
"species",91,91,8.82866668701172,14.6300001144409,3.77466654777527,2332,375,37,63.6968002319336,1083,168,183,1013,10.4986667633057,46.7355155944824,445.804046630859,22.1000003814697,-0.364000022411346,22.4640007019043,4.1026668548584,14.217999458313
"species",92,92,9.52600002288818,15.5286664962769,3.99666666984558,2014,324,32,63.6329078674316,937,145,159,874,10.815333366394,46.2747421264648,471.205169677734,23.2000007629395,-0.172000005841255,23.3720016479492,4.35533332824707,15.1986665725708
"species",93,93,9.31616687774658,15.1499996185303,4.08599996566772,2154,342,36,62.5780220031738,995,162,179,929,10.7143335342407,46.81201171875,453.329528808594,22.7959995269775,-0.0920000001788139,22.8879985809326,4.44733333587646,14.8020000457764
"species",94,94,10.6960000991821,16.7406673431396,4.98133325576782,1659,262,28,61.606746673584,762,127,140,709,10.0286664962769,44.1091957092285,478.948852539062,23.8759994506836,1.13999998569489,22.7360000610352,5.45266675949097,16.4460010528564
"species",95,95,10.2554998397827,16.2653331756592,4.58533334732056,1736,277,29,62.1081161499023,801,132,145,747,10.3436670303345,45.0508117675781,477.178192138672,23.6359996795654,0.675999999046326,22.9599990844727,4.96333312988281,15.9873332977295
"species",96,96,9.05483341217041,14.7833337783813,4.03733348846436,2284,367,37,63.4931221008301,1058,165,182,992,10.3743333816528,46.8494110107422,441.099151611328,22.1280002593994,-0.0160000026226044,22.1440010070801,4.3953332901001,14.3860006332397
"species",97,97,9.52600002288818,15.5286664962769,3.99666666984558,2014,324,32,63.6329078674316,937,145,159,874,10.815333366394,46.2747421264648,471.205169677734,23.2000007629395,-0.172000005841255,23.3720016479492,4.35533332824707,15.1986665725708
"species",98,98,9.49349975585938,15.5406665802002,3.92600011825562,1968,317,31,63.70166015625,917,143,155,856,10.9870004653931,46.296142578125,474.521362304688,23.4720001220703,-0.260000020265579,23.7320003509521,4.29533338546753,15.216667175293
"species",99,99,9.58466720581055,15.3946666717529,4.31266641616821,2084,334,34,63.1228218078613,965,153,170,904,10.4066667556763,46.3259735107422,453.938812255859,22.7320003509521,0.26800000667572,22.4640007019043,4.66800022125244,15.046667098999
"species",100,100,9.49349975585938,15.5406665802002,3.92600011825562,1968,317,31,63.70166015625,917,143,155,856,10.9870004653931,46.296142578125,474.521362304688,23.4720001220703,-0.260000020265579,23.7320003509521,4.29533338546753,15.216667175293
"species",101,101,10.3846664428711,16.482666015625,4.60866641998291,1657,264,28,61.8991088867188,764,127,139,711,10.4313325881958,44.8698081970215,485.638793945312,23.9720001220703,0.723999977111816,23.2480010986328,4.97599983215332,16.2426662445068
"species",102,102,9.85883331298828,15.8186664581299,4.37066650390625,1926,304,32,62.177059173584,888,147,161,827,10.5623331069946,45.732307434082,468.409637451172,23.3799991607666,0.284000009298325,23.0959987640381,4.753333568573,15.5179996490479
"species",103,103,10.6426668167114,16.5746669769287,5.10066652297974,1852,294,31,61.931884765625,849,138,157,795,10.1960000991821,45.2351379394531,467.726318359375,23.6959991455078,1.15600001811981,22.5399990081787,5.55800008773804,16.257999420166
"species",104,104,10.6426668167114,16.5746669769287,5.10066652297974,1852,294,31,61.931884765625,849,138,157,795,10.1960000991821,45.2351379394531,467.726318359375,23.6959991455078,1.15600001811981,22.5399990081787,5.55800008773804,16.257999420166
"species",105,105,10.2554998397827,16.2653331756592,4.58533334732056,1736,277,29,62.1081161499023,801,132,145,747,10.3436670303345,45.0508117675781,477.178192138672,23.6359996795654,0.675999999046326,22.9599990844727,4.96333312988281,15.9873332977295
"species",106,106,8.99266624450684,14.8660001754761,3.81133341789246,2199,355,36,63.7580833435059,1026,161,175,960,10.7266664505005,46.7107925415039,453.759826660156,22.6359996795654,-0.328000009059906,22.9639987945557,4.12400007247925,14.4886665344238
"species",107,107,10.6426668167114,16.5746669769287,5.10066652297974,1852,294,31,61.931884765625,849,138,157,795,10.1960000991821,45.2351379394531,467.726318359375,23.6959991455078,1.15600001811981,22.5399990081787,5.55800008773804,16.257999420166
"species",108,108,10,14.4513330459595,6.21933364868164,2124,335,39,61.9081573486328,968,158,165,899,8.98799991607666,51.5130653381348,339.008270263672,19.6599998474121,2.21199989318848,17.4479999542236,6.59866666793823,14.0139999389648
"species",109,109,9.74066638946533,15.3926668167114,4.69266700744629,2476,391,42,62.1383247375488,1129,179,204,1057,10.6153335571289,47.9724044799805,439.300231933594,22.5799999237061,0.451999992132187,22.1280002593994,5.02466678619385,15.0366668701172
"species",110,110,7.88883352279663,13.5433330535889,3.40733337402344,2675,436,40,64.8228302001953,1246,183,196,1171,9.99300003051758,47.136791229248,418.437225341797,20.7000007629395,-0.5,21.2000007629395,3.79533338546753,12.9026670455933
"species",111,111,8.99266624450684,14.8660001754761,3.81133341789246,2199,355,36,63.7580833435059,1026,161,175,960,10.7266664505005,46.7107925415039,453.759826660156,22.6359996795654,-0.328000009059906,22.9639987945557,4.12400007247925,14.4886665344238
"species",112,112,8.99433326721191,15.0706672668457,3.52600002288818,1908,311,30,64.0073928833008,892,138,149,836,11.1240005493164,46.1806716918945,474.354095458984,23.5200004577637,-0.568000018596649,24.0880012512207,3.89666652679443,14.8159999847412
"species",113,113,8.67316627502441,14.525333404541,3.65533328056335,2307,382,32,66.4900588989258,1088,148,160,1023,10.3156671524048,46.3250694274902,445.018157958984,22.0400009155273,-0.228000000119209,22.2680015563965,4.01200008392334,14.0593338012695
"species",114,114,7.88199996948242,13.753999710083,3.06933355331421,2567,424,37,65.9437408447266,1207,171,182,1136,10.0353336334229,45.9409141540527,439.010589599609,21.1639995574951,-0.680000007152557,21.8439998626709,3.45600008964539,13.1786661148071
"species",115,115,8.33333301544189,14.3573331832886,3.27866673469543,2352,390,34,66.4349060058594,1113,157,169,1046,10.293999671936,45.669921875,454.236450195312,22.0359992980957,-0.504000008106232,22.5399990081787,3.63599991798401,13.8366661071777
"species",116,116,9.41533374786377,15.6506671905518,3.71399998664856,1803,302,25,67.4787368774414,861,116,126,809,11.039999961853,45.4695243835449,488.424987792969,23.9559993743896,-0.324000000953674,24.2799987792969,4.03533315658569,15.3626670837402
"species",117,117,9.91133308410645,16.1106662750244,4.13733339309692,1673,265,29,61.1599998474121,771,132,143,713,10.9539995193481,45.0781898498535,490.553649902344,24.3479995727539,0.0480000004172325,24.2999992370605,4.50799989700317,15.8666667938232
"species",118,118,9.17166709899902,15.1633329391479,3.70533323287964,1861,300,30,63.0842971801758,866,139,149,808,11.0766668319702,46.3769340515137,470.462127685547,23.4720001220703,-0.412000000476837,23.8840007781982,4.0973334312439,14.9180002212524
"species",119,119,10.1681671142578,16.2740001678467,4.46266651153564,1667,263,29,61.3717498779297,768,130,142,710,10.679666519165,45.1304359436035,482.95361328125,24.0960006713867,0.432000011205673,23.6640014648438,4.83333349227905,16.0146675109863
"species",120,120,9.17166709899902,15.1633329391479,3.70533323287964,1861,300,30,63.0842971801758,866,139,149,808,11.0766668319702,46.3769340515137,470.462127685547,23.4720001220703,-0.412000000476837,23.8840007781982,4.0973334312439,14.9180002212524
"species",121,121,9.4355001449585,15.5753335952759,3.69933342933655,1783,290,28,64.1234588623047,834,128,139,780,11.635666847229,46.7521133422852,486.524627685547,24.2800006866455,-0.608000040054321,24.8880004882812,4.08933353424072,15.3973331451416
"species",122,122,10,14.4513330459595,6.21933364868164,2124,335,39,61.9081573486328,968,158,165,899,8.98799991607666,51.5130653381348,339.008270263672,19.6599998474121,2.21199989318848,17.4479999542236,6.59866666793823,14.0139999389648
"species",123,123,9.58199977874756,15.6280002593994,3.98133325576782,1759,282,29,62.3747825622559,815,135,144,759,11.0260000228882,46.149341583252,476.937377929688,23.7759990692139,-0.11600000411272,23.8919982910156,4.37733316421509,15.3520002365112
"species",124,124,8.5716667175293,14.0206670761108,4.08599996566772,2610,417,43,63.2195205688477,1202,188,203,1125,10.1680002212524,48.2994499206543,410.785675048828,21.0520000457764,0,21.0520000457764,4.4006667137146,13.539999961853
"species",125,125,8.30833339691162,14.3240003585815,3.30933332443237,2437,410,32,67.6205520629883,1160,154,164,1093,10.1780004501343,45.4699783325195,452.007629394531,21.992000579834,-0.392000019550323,22.3840007781982,3.68333339691162,13.8060007095337
"species",126,126,8.24349975585938,14.3893337249756,3.11133337020874,2418,404,33,66.865234375,1147,158,170,1078,10.3296661376953,45.3135032653809,461.825836181641,22.1599998474121,-0.635999977588654,22.7959995269775,3.51200008392334,13.8513336181641
"species",127,127,9.0803337097168,14.5733337402344,4.42533349990845,2576,408,46,62.4802856445312,1173,186,207,1106,9.99066638946533,47.7109222412109,418.664031982422,21.3479995727539,0.407999992370605,20.939998626709,4.76399993896484,14.1746664047241
"species",128,128,9.57333374023438,15.1893329620361,4.42199993133545,2061,332,32,64.1273422241211,956,142,154,893,10.4513330459595,47.2227249145508,440.081604003906,22.496000289917,0.364000022411346,22.1319999694824,4.78533315658569,14.9139995574951
"species",129,129,10.3341665267944,16.2533340454102,4.92799997329712,2011,319,35,62.0191764831543,924,152,173,865,10.4916667938232,46.2106552124023,461.893920898438,23.5599994659424,0.856000006198883,22.7039985656738,5.36400032043457,15.9013338088989
"species",130,130,8.99433326721191,15.0706672668457,3.52600002288818,1908,311,30,64.0073928833008,892,138,149,836,11.1240005493164,46.1806716918945,474.354095458984,23.5200004577637,-0.568000018596649,24.0880012512207,3.89666652679443,14.8159999847412
"species",131,131,8.84549999237061,14.8893337249756,3.4539999961853,1971,320,31,63.5692291259766,920,144,155,860,10.9876670837402,46.1356506347656,470.141876220703,23.2600002288818,-0.555999994277954,23.8159999847412,3.85400009155273,14.6213331222534
"species",132,132,10.3120002746582,15.0159997940063,6.17999982833862,2362,378,39,63.1798439025879,1087,169,180,1012,9.49266624450684,49.8355026245117,362.145141601562,21.3199996948242,2.2720000743866,19.0480003356934,6.49133348464966,14.5959997177124
"species",133,133,9.34516716003418,15.0073337554932,4.37666654586792,2288,366,38,62.9273834228516,1056,167,187,990,10.324333190918,47.134464263916,436.108489990234,22.2000007629395,0.296000003814697,21.9040012359619,4.73866701126099,14.6026668548584
"species",134,134,8.63700008392334,14.2193336486816,4.08066654205322,2892,494,36,69.0711059570312,1388,174,188,1310,9.7006664276123,46.3702964782715,416.487548828125,21.3360004425049,0.416000008583069,20.9200000762939,4.45666646957397,13.6359996795654
"species",135,135,9.4146671295166,14.9260005950928,4.59000015258789,2340,373,40,62.6076736450195,1075,172,190,1007,10.300666809082,47.9457588195801,424.100921630859,21.9120006561279,0.428000003099442,21.484001159668,4.91799974441528,14.5046672821045
"species",136,136,9.03466701507568,14.4659996032715,4.43599987030029,2455,392,40,63.1841506958008,1130,176,191,1058,10.21399974823,48.4627075195312,413.032073974609,21.3999996185303,0.324000000953674,21.076000213623,4.76666688919067,14.0073337554932
"species",137,137,10.2728328704834,15.8293333053589,5.17933368682861,2164,344,37,62.3945808410645,992,159,179,927,10.2423334121704,47.3743438720703,435.100219726562,22.6639995574951,1.0440000295639,21.6199989318848,5.55066680908203,15.4613332748413
"species",138,138,8.18833351135254,13.7813329696655,3.60533332824707,2623,421,42,63.4311256408691,1213,189,206,1137,10.1086664199829,47.2721061706543,421.270294189453,21.003999710083,-0.379999995231628,21.3839988708496,3.91266655921936,13.3133335113525
"species",139,139,7.85550022125244,13.558666229248,3.31933331489563,2672,439,39,65.5347442626953,1252,179,192,1176,9.80700016021729,46.4610595703125,422.435821533203,20.6399993896484,-0.467999994754791,21.1079998016357,3.6986665725708,12.9079999923706
"species",140,140,10.6426668167114,16.5746669769287,5.10066652297974,1852,294,31,61.931884765625,849,138,157,795,10.1960000991821,45.2351379394531,467.726318359375,23.6959991455078,1.15600001811981,22.5399990081787,5.55800008773804,16.257999420166
"species",141,141,10.6195001602173,16.3753337860107,5.2926664352417,2069,328,35,62.412281036377,950,152,175,888,10.2329998016357,46.1944732666016,451.119537353516,23.3519992828369,1.20000004768372,22.1519985198975,5.79866647720337,16.015998840332
"species",142,142,10.4166669845581,16.3999996185303,4.84866666793823,1809,287,30,62.1578330993652,833,137,151,778,10.2233333587646,45.0446510314941,470.293426513672,23.6399993896484,0.944000005722046,22.6959991455078,5.32200002670288,16.0620002746582
"species",143,143,9.50450038909912,15.1393337249756,4.54733324050903,2531,399,44,62.200325012207,1152,182,205,1081,10.5310001373291,48.1571235656738,436.064605712891,22.2040004730225,0.335999995470047,21.8680000305176,4.84666681289673,14.7760000228882
"species",144,144,9.97649955749512,15.6560001373291,4.77133321762085,2285,360,40,62.6435317993164,1039,160,181,980,10.9236669540405,48.5928230285645,445.408386230469,22.9479999542236,0.467999994754791,22.4799995422363,5.16333341598511,15.3359994888306
"species",145,145,9.21700000762939,14.4919996261597,4.8013334274292,2567,404,47,61.8586730957031,1163,188,207,1093,9.6899995803833,48.3050842285156,399.656127929688,20.7919998168945,0.73199999332428,20.0599994659424,5.12866640090942,14.0086669921875
"species",146,146,9.66849994659424,15.1119995117188,4.92199993133545,2467,387,44,61.9922485351562,1117,177,197,1048,10.0323333740234,48.1490325927734,418.066284179688,21.6200008392334,0.783999979496002,20.8360004425049,5.28133344650269,14.6686668395996
"species",147,147,9.14716625213623,14.7560005187988,4.3473334312439,2549,402,44,62.3482131958008,1165,185,208,1090,10.3916664123535,47.9585876464844,429.434600830078,21.8920001983643,0.224000006914139,21.6679992675781,4.65333366394043,14.3540000915527
"species",148,148,10.014666557312,15.5059995651245,5.06400012969971,2451,388,43,62.1960067749023,1118,177,201,1045,10.3839998245239,48.4780578613281,426.549682617188,22.2880001068115,0.867999970912933,21.4200000762939,5.4520001411438,15.1040000915527
"species",149,149,9.7180004119873,15.2693328857422,4.77733325958252,2476,391,43,62.0708999633789,1129,181,203,1057,10.4320001602173,48.0825958251953,430.181335449219,22.2399997711182,0.544000029563904,21.6959991455078,5.11733341217041,14.8913335800171
"species",150,150,10.5063724517822,16.1215686798096,5.33529424667358,2175,346,37,62.4709320068359,998,158,181,932,10.2803926467896,47.0942230224609,439.356201171875,22.9823532104492,1.15294122695923,21.8294124603271,5.76372575759888,15.7450981140137
"species",151,151,9.31599998474121,14.808666229248,4.43466663360596,2189,354,35,64.1794052124023,1016,151,164,950,10.1940002441406,47.7157821655273,424.537933349609,21.8439998626709,0.480000019073486,21.3640003204346,4.76599979400635,14.4446668624878
"species",152,152,9.85883331298828,15.8186664581299,4.37066650390625,1926,304,32,62.177059173584,888,147,161,827,10.5623331069946,45.732307434082,468.409637451172,23.3799991607666,0.284000009298325,23.0959987640381,4.753333568573,15.5179996490479
"species",153,153,10.4654998779297,16.1393337249756,5.23333358764648,2158,343,36,62.6610069274902,992,156,180,927,10.1936664581299,46.4615631103516,444.072021484375,23.0200004577637,1.08000004291534,21.9400005340576,5.70866680145264,15.7573337554932
"species",154,154,9.74066638946533,15.3926668167114,4.69266700744629,2476,391,42,62.1383247375488,1129,179,204,1057,10.6153335571289,47.9724044799805,439.300231933594,22.5799999237061,0.451999992132187,22.1280002593994,5.02466678619385,15.0366668701172
"species",155,155,9.9888334274292,15.5966663360596,4.91466665267944,2517,398,43,62.2917213439941,1148,180,206,1074,10.625,48.2603569030762,437.973052978516,22.6639995574951,0.648000001907349,22.015998840332,5.26733350753784,15.2453327178955
"species",156,156,8.36366653442383,14.1773328781128,3.52999997138977,2578,409,43,62.7710494995117,1186,189,207,1109,10.4113330841064,46.9148025512695,441.791778564453,21.7040004730225,-0.488000005483627,22.1920013427734,3.81399989128113,13.7973337173462
"species",157,157,9.86100006103516,15.4946670532227,4.81266689300537,2532,399,44,62.1929664611816,1152,182,207,1079,10.6386671066284,48.3399963378906,438.434814453125,22.5960006713867,0.587999999523163,22.0080013275146,5.15933322906494,15.1199998855591
"species",158,158,10.6638889312744,16.1499996185303,5.70833349227905,2163,344,38,62.3850402832031,991,158,177,925,9.88055610656738,47.3509063720703,425.245666503906,22.6333332061768,1.76666665077209,20.8666667938232,6.25833368301392,15.7555561065674
"species",159,159,10.2323331832886,15.9233331680298,5.00266695022583,2343,369,40,61.8271789550781,1067,171,196,999,10.5586671829224,47.2719688415527,446.078704833984,23.0879993438721,0.751999974250793,22.3359985351562,5.40266704559326,15.5693330764771
"species",160,160,10.0774507522583,15.6500005722046,5.02058839797974,2395,379,42,62.2460289001465,1095,174,199,1022,10.3039216995239,47.5479545593262,433.42138671875,22.470588684082,0.800000011920929,21.6705894470215,5.44313716888428,15.2382354736328
"species",161,161,9.33766651153564,15.3959999084473,3.71333336830139,1866,303,30,64.0993041992188,873,135,146,815,11.3966665267944,46.5930786132812,478.041839599609,23.8799991607666,-0.579999983310699,24.4599990844727,4.12333345413208,15.1926670074463
"species",162,162,9.32783317565918,15.264666557312,3.81933331489563,1929,313,30,64.1946029663086,901,137,149,842,11.0803327560425,46.6422538757324,468.2607421875,23.3759994506836,-0.379999995231628,23.7559986114502,4.22266674041748,15.0453329086304
"species",163,163,9.25816631317139,15.2720003128052,3.71133327484131,1799,290,29,62.873119354248,837,136,145,780,11.1110000610352,46.234188079834,474.678863525391,23.6240005493164,-0.407999992370605,24.0320014953613,4.11999988555908,15.0646667480469
"species",164,164,9.33766651153564,15.3959999084473,3.71333336830139,1866,303,30,64.0993041992188,873,135,146,815,11.3966665267944,46.5930786132812,478.041839599609,23.8799991607666,-0.579999983310699,24.4599990844727,4.12333345413208,15.1926670074463
"species",165,165,10.7643327713013,17.2679996490479,4.87400007247925,1319,236,15,72.2986068725586,650,70,79,619,11.5619993209839,45.3981475830078,507.732269287109,26.3999996185303,0.931999981403351,25.4680004119873,5.18800020217896,17.015998840332
"species",166,166,9.58466720581055,15.3946666717529,4.31266641616821,2084,334,34,63.1228218078613,965,153,170,904,10.4066667556763,46.3259735107422,453.938812255859,22.7320003509521,0.26800000667572,22.4640007019043,4.66800022125244,15.046667098999
"species",167,167,10.3304996490479,16.6746673583984,4.61866664886475,1800,327,19,73.8829650878906,895,93,104,849,11.3296661376953,45.4349784851074,491.444732666016,25.5839996337891,0.648000001907349,24.935998916626,4.989333152771,16.3333339691162
"species",168,168,9.50533294677734,15.5866670608521,3.90666675567627,1806,289,30,62.4036140441895,838,139,148,779,11.1079998016357,46.1295700073242,478.572113037109,23.8479995727539,-0.232000008225441,24.0799999237061,4.28533315658569,15.3079996109009
"species",169,169,8.99266624450684,14.8660001754761,3.81133341789246,2199,355,36,63.7580833435059,1026,161,175,960,10.7266664505005,46.7107925415039,453.759826660156,22.6359996795654,-0.328000009059906,22.9639987945557,4.12400007247925,14.4886665344238
"species",170,170,9.26683330535889,15.2813329696655,3.70933318138123,1900,310,29,64.8074645996094,891,133,144,834,11.2930002212524,46.7735252380371,473.832855224609,23.6560001373291,-0.488000005483627,24.1440010070801,4.09666681289673,15.0659999847412
"species",171,171,9.90770816802979,15.3758335113525,5.07083320617676,2403,382,42,62.5359191894531,1101,174,196,1029,10.1287498474121,48.2666206359863,420.678985595703,22.0149993896484,1.02999997138977,20.9849987030029,5.51666641235352,14.9324998855591
"species",172,172,9.41533374786377,15.6506671905518,3.71399998664856,1803,302,25,67.4787368774414,861,116,126,809,11.039999961853,45.4695243835449,488.424987792969,23.9559993743896,-0.324000000953674,24.2799987792969,4.03533315658569,15.3626670837402
"species",173,173,9.66849994659424,15.1119995117188,4.92199993133545,2467,387,44,61.9922485351562,1117,177,197,1048,10.0323333740234,48.1490325927734,418.066284179688,21.6200008392334,0.783999979496002,20.8360004425049,5.28133344650269,14.6686668395996
"species",174,174,9.01850032806396,14.4359998703003,4.46466684341431,2717,458,34,68.3846817016602,1294,163,179,1217,9.75766658782959,46.9750938415527,408.926849365234,21.4720001220703,0.699999988079071,20.7719993591309,4.78200006484985,13.8866672515869
"species",175,175,10.6960000991821,16.7406673431396,4.98133325576782,1659,262,28,61.606746673584,762,127,140,709,10.0286664962769,44.1091957092285,478.948852539062,23.8759994506836,1.13999998569489,22.7360000610352,5.45266675949097,16.4460010528564
"species",176,176,9.60816669464111,14.7119998931885,5.27066659927368,2306,368,37,63.2707557678223,1058,158,169,987,9.66633319854736,49.117546081543,388.134674072266,20.9799995422363,1.29999995231628,19.6800003051758,5.54333353042603,14.2379999160767
"species",177,177,7.8513331413269,13.6119995117188,3.16000008583069,2583,424,38,65.4364242553711,1212,176,189,1138,10.0139999389648,46.5767440795898,429.595001220703,20.9440002441406,-0.555999994277954,21.5,3.5646665096283,13.029333114624
"species",178,178,8.57266616821289,14.4593334197998,3.45733332633972,2258,370,33,65.3942184448242,1060,154,166,995,10.5093336105347,46.3619766235352,449.914611816406,22.1800003051758,-0.488000005483627,22.6680011749268,3.86066651344299,14.0373334884644
"species",179,179,8.82433319091797,14.0179996490479,4.58799982070923,2495,399,41,63.1670837402344,1147,177,192,1073,9.76466655731201,49.1279296875,388.519897460938,20.5839996337891,0.708000004291534,19.8759994506836,4.97533321380615,13.4619998931885
"species",180,180,9.26900005340576,14.6273326873779,4.56533336639404,2233,360,35,64.037353515625,1034,154,166,967,9.98733329772949,48.0067939758301,411.852844238281,21.423999786377,0.620000004768372,20.8039989471436,4.89933300018311,14.2259998321533
"species",181,181,9.71666622161865,15.9946670532227,3.92000007629395,1682,282,23,67.3026657104492,803,108,118,754,11.1300001144409,45.376708984375,493.793731689453,24.4080009460449,-0.120000004768372,24.5280017852783,4.25733327865601,15.7213335037231
"species",182,182,9.18833351135254,15.3633327484131,3.62666654586792,1925,322,27,67.2459335327148,918,126,136,863,10.8540000915527,45.5361671447754,480.041351318359,23.4879989624023,-0.348000019788742,23.8359985351562,3.96533346176147,15.0286664962769
"species",183,183,9.09116649627686,15.1713333129883,3.51266670227051,1932,321,28,66.5933609008789,918,130,139,861,11.0283336639404,46.0665550231934,476.676849365234,23.3759994506836,-0.564000010490417,23.939998626709,3.90799999237061,14.9180002212524
"species",184,184,9.53383350372314,15.8926668167114,3.86533331871033,1814,308,24,68.475715637207,872,112,122,821,10.9236669540405,45.1167488098145,491.274871826172,24.2239990234375,0.0120000001043081,24.2119998931885,4.23533344268799,15.5233335494995
"species",185,185,9.57333374023438,15.1893329620361,4.42199993133545,2061,332,32,64.1273422241211,956,142,154,893,10.4513330459595,47.2227249145508,440.081604003906,22.496000289917,0.364000022411346,22.1319999694824,4.78533315658569,14.9139995574951
"species",186,186,9.77833366394043,15.6599998474121,4.43533325195312,1864,295,31,63.061840057373,857,132,149,803,10.5686664581299,46.3945007324219,462.263824462891,23.3759994506836,0.596000015735626,22.7799987792969,4.79266691207886,15.4066667556763
"species",187,187,8.95083332061768,14.8673334121704,3.79866671562195,2176,345,36,63.1492156982422,1008,160,175,940,10.4956665039062,45.9369163513184,456.892211914062,22.6840000152588,-0.164000004529953,22.8479995727539,4.10933351516724,14.5753335952759
"species",188,188,8.95633316040039,14.2119998931885,4.62133359909058,2439,394,38,64.0254211425781,1129,168,181,1057,9.74400043487549,48.4197959899902,394.932678222656,20.8040008544922,0.680000007152557,20.1240005493164,4.92266654968262,13.6840000152588
"species",189,189,9.65200042724609,14.8760004043579,5.14466667175293,2449,383,46,61.3195762634277,1101,181,198,1038,9.78133296966553,48.906665802002,400.018432617188,21.0440006256104,1.0440000295639,20,5.49000024795532,14.4200000762939
"species",190,190,10.3186273574829,15.4617643356323,5.7039213180542,2199,343,42,61.5313835144043,988,162,177,931,9.41176414489746,48.0336227416992,399.398010253906,21.2000007629395,1.60588240623474,19.5941181182861,6.10392189025879,15.0500001907349
"species",191,191,9.9868335723877,14.6339998245239,6.04199981689453,2158,339,40,61.5283012390137,979,161,170,911,9.28766632080078,51.1886405944824,353.409820556641,20.1119995117188,1.96799993515015,18.1439990997314,6.39999961853027,14.1700000762939
"species",192,192,9.38350009918213,15.1059999465942,4.30399990081787,2198,346,38,62.1936950683594,1001,160,180,942,10.6403331756592,47.6290664672852,445.155181884766,22.6240005493164,0.284000009298325,22.3400001525879,4.64599990844727,14.804666519165
"species",193,193,8.52700042724609,14.3780002593994,3.58066654205322,2389,379,39,63.0478057861328,1104,175,191,1030,10.3653335571289,46.4313430786133,446.582550048828,21.9759998321533,-0.34799998998642,22.3239994049072,3.89199995994568,14.0026664733887
"species",194,194,8.52700042724609,14.3780002593994,3.58066654205322,2389,379,39,63.0478057861328,1104,175,191,1030,10.3653335571289,46.4313430786133,446.582550048828,21.9759998321533,-0.34799998998642,22.3239994049072,3.89199995994568,14.0026664733887
"species",195,195,9.49616622924805,15.5419998168945,4.08199977874756,1922,303,32,62.9935417175293,891,144,156,828,10.6303329467773,45.6080894470215,472.048278808594,23.4519996643066,0.144000008702278,23.3080005645752,4.41533327102661,15.2966661453247
"species",196,196,8.52483367919922,14.1079998016357,3.83666682243347,2613,414,45,62.6178398132324,1197,191,209,1122,10.1709995269775,47.4305191040039,425.575714111328,21.2719993591309,-0.172000005841255,21.4440002441406,4.13266658782959,13.7273330688477
"species",197,197,8.44833374023438,14.0946674346924,3.71333336830139,2564,406,43,62.661247253418,1176,188,205,1102,10.2220001220703,47.0886306762695,430.087036132812,21.4360008239746,-0.272000014781952,21.7080001831055,4.01533317565918,13.7086668014526
"species",198,198,8.618332862854,14.268666267395,3.82333326339722,2556,405,44,62.7020416259766,1172,187,205,1099,10.3020000457764,47.2915878295898,432.011322021484,21.5960006713867,-0.18800000846386,21.7840003967285,4.13266658782959,13.8986663818359
"species",199,199,8.52700042724609,14.3780002593994,3.58066654205322,2389,379,39,63.0478057861328,1104,175,191,1030,10.3653335571289,46.4313430786133,446.582550048828,21.9759998321533,-0.34799998998642,22.3239994049072,3.89199995994568,14.0026664733887
"species",200,200,10.3020000457764,15.7266664505005,5.37466669082642,2189,342,41,62.058479309082,985,156,172,933,9.88066673278809,47.6774101257324,423.503265380859,22.0200004577637,1.2960000038147,20.7240009307861,5.78666687011719,15.3633337020874
"species",201,201,8.95083332061768,14.8673334121704,3.79866671562195,2176,345,36,63.1492156982422,1008,160,175,940,10.4956665039062,45.9369163513184,456.892211914062,22.6840000152588,-0.164000004529953,22.8479995727539,4.10933351516724,14.5753335952759
"species",202,202,8.95083332061768,14.8673334121704,3.79866671562195,2176,345,36,63.1492156982422,1008,160,175,940,10.4956665039062,45.9369163513184,456.892211914062,22.6840000152588,-0.164000004529953,22.8479995727539,4.10933351516724,14.5753335952759
"species",203,203,8.95083332061768,14.8673334121704,3.79866671562195,2176,345,36,63.1492156982422,1008,160,175,940,10.4956665039062,45.9369163513184,456.892211914062,22.6840000152588,-0.164000004529953,22.8479995727539,4.10933351516724,14.5753335952759
"species",204,204,8.95083332061768,14.8673334121704,3.79866671562195,2176,345,36,63.1492156982422,1008,160,175,940,10.4956665039062,45.9369163513184,456.892211914062,22.6840000152588,-0.164000004529953,22.8479995727539,4.10933351516724,14.5753335952759
"species",205,205,8.95083332061768,14.8673334121704,3.79866671562195,2176,345,36,63.1492156982422,1008,160,175,940,10.4956665039062,45.9369163513184,456.892211914062,22.6840000152588,-0.164000004529953,22.8479995727539,4.10933351516724,14.5753335952759
"species",206,206,8.95083332061768,14.8673334121704,3.79866671562195,2176,345,36,63.1492156982422,1008,160,175,940,10.4956665039062,45.9369163513184,456.892211914062,22.6840000152588,-0.164000004529953,22.8479995727539,4.10933351516724,14.5753335952759
"species",207,207,8.95083332061768,14.8673334121704,3.79866671562195,2176,345,36,63.1492156982422,1008,160,175,940,10.4956665039062,45.9369163513184,456.892211914062,22.6840000152588,-0.164000004529953,22.8479995727539,4.10933351516724,14.5753335952759
"species",208,208,8.95083332061768,14.8673334121704,3.79866671562195,2176,345,36,63.1492156982422,1008,160,175,940,10.4956665039062,45.9369163513184,456.892211914062,22.6840000152588,-0.164000004529953,22.8479995727539,4.10933351516724,14.5753335952759
"species",209,209,8.95083332061768,14.8673334121704,3.79866671562195,2176,345,36,63.1492156982422,1008,160,175,940,10.4956665039062,45.9369163513184,456.892211914062,22.6840000152588,-0.164000004529953,22.8479995727539,4.10933351516724,14.5753335952759
"species",210,210,8.95083332061768,14.8673334121704,3.79866671562195,2176,345,36,63.1492156982422,1008,160,175,940,10.4956665039062,45.9369163513184,456.892211914062,22.6840000152588,-0.164000004529953,22.8479995727539,4.10933351516724,14.5753335952759
"species",211,211,8.95083332061768,14.8673334121704,3.79866671562195,2176,345,36,63.1492156982422,1008,160,175,940,10.4956665039062,45.9369163513184,456.892211914062,22.6840000152588,-0.164000004529953,22.8479995727539,4.10933351516724,14.5753335952759
"species",212,212,8.95083332061768,14.8673334121704,3.79866671562195,2176,345,36,63.1492156982422,1008,160,175,940,10.4956665039062,45.9369163513184,456.892211914062,22.6840000152588,-0.164000004529953,22.8479995727539,4.10933351516724,14.5753335952759
"species",213,213,9.54799938201904,15.268666267395,4.44466638565063,2317,398,29,69.4782333374023,1114,136,151,1051,10.3706665039062,46.2893524169922,441.715850830078,22.9599990844727,0.555999994277954,22.4039993286133,4.77399969100952,14.8619995117188
"species",214,214,9.76433372497559,15.1613330841064,4.94266653060913,2467,416,33,67.7904663085938,1172,153,165,1101,9.83333301544189,46.8432426452637,417.016815185547,22.2759990692139,1.28400003910065,20.9919986724854,5.28000020980835,14.7526664733887
"species",215,215,9.07800006866455,14.3393335342407,4.68066644668579,2744,459,36,67.4607162475586,1299,170,185,1220,9.60000038146973,47.4777450561523,396.831176757812,21.1520004272461,0.931999981403351,20.2200012207031,4.97933340072632,13.7893333435059
"species",216,216,9.65383338928223,14.9720001220703,4.91933345794678,2475,415,33,67.5594482421875,1173,154,166,1101,9.80766677856445,47.2339973449707,410.533966064453,22.007999420166,1.24399995803833,20.7639999389648,5.24200010299683,14.5580005645752
"species",217,217,9.65383338928223,14.9720001220703,4.91933345794678,2475,415,33,67.5594482421875,1173,154,166,1101,9.80766677856445,47.2339973449707,410.533966064453,22.007999420166,1.24399995803833,20.7639999389648,5.24200010299683,14.5580005645752
"species",218,218,9.75616645812988,14.5860004425049,5.55666637420654,2598,425,40,65.0028381347656,1211,177,188,1132,9.16366672515869,48.4850082397461,369.508728027344,20.8120002746582,1.91199994087219,18.8999996185303,5.88533306121826,14.0799999237061
"species",219,219,9.31783294677734,14.2159996032715,5.28600025177002,2769,455,40,65.6795043945312,1295,183,196,1212,9.31433296203613,48.8172607421875,368.202423095703,20.6119995117188,1.53199994564056,19.0799999237061,5.57933330535889,13.6406669616699
"species",220,220,10.1616668701172,14.9173336029053,5.92999982833862,2415,388,39,63.5641670227051,1115,172,181,1037,9.30266666412354,49.0233306884766,367.236785888672,21.1719989776611,2.19600009918213,18.9759979248047,6.26533365249634,14.4759998321533
"species",221,221,9.78266620635986,14.7866668701172,5.33333349227905,2526,415,37,65.5553894042969,1180,168,178,1104,9.36133289337158,47.7424201965332,385.791320800781,21.2759990692139,1.66799998283386,19.6079998016357,5.66266679763794,14.3186664581299
"species",222,222,10.1616668701172,14.9173336029053,5.92999982833862,2415,388,39,63.5641670227051,1115,172,181,1037,9.30266666412354,49.0233306884766,367.236785888672,21.1719989776611,2.19600009918213,18.9759979248047,6.26533365249634,14.4759998321533
"species",223,223,9.31783294677734,14.2159996032715,5.28600025177002,2769,455,40,65.6795043945312,1295,183,196,1212,9.31433296203613,48.8172607421875,368.202423095703,20.6119995117188,1.53199994564056,19.0799999237061,5.57933330535889,13.6406669616699
"species",224,224,10.1616668701172,14.9173336029053,5.92999982833862,2415,388,39,63.5641670227051,1115,172,181,1037,9.30266666412354,49.0233306884766,367.236785888672,21.1719989776611,2.19600009918213,18.9759979248047,6.26533365249634,14.4759998321533
"species",225,225,9.3633337020874,14.9486665725708,4.46733331680298,2485,422,31,68.9228897094727,1188,147,162,1119,10.1273336410522,46.6783447265625,428.111450195312,22.3759994506836,0.680000007152557,21.6959991455078,4.78999996185303,14.4973335266113
"species",226,226,9.54799938201904,15.268666267395,4.44466638565063,2317,398,29,69.4782333374023,1114,136,151,1051,10.3706665039062,46.2893524169922,441.715850830078,22.9599990844727,0.555999994277954,22.4039993286133,4.77399969100952,14.8619995117188
"species",227,227,9.3633337020874,14.9486665725708,4.46733331680298,2485,422,31,68.9228897094727,1188,147,162,1119,10.1273336410522,46.6783447265625,428.111450195312,22.3759994506836,0.680000007152557,21.6959991455078,4.78999996185303,14.4973335266113
"species",228,228,9.95316696166992,15.7366666793823,4.67933320999146,2122,368,26,70.1002426147461,1025,123,135,968,10.595666885376,46.3583602905273,451.098999023438,23.6520004272461,0.796000003814697,22.8560009002686,5.02199983596802,15.4013328552246
"species",229,229,9.31400012969971,14.1666669845581,5.51133346557617,2556,410,40,63.8070220947266,1177,173,186,1100,9.4553337097168,50.1555938720703,360.901031494141,20.3560009002686,1.50399994850159,18.8520011901855,5.77799987792969,13.6140003204346
"species",230,230,10.0501670837402,15.6299991607666,4.91466665267944,2158,342,39,63.126895904541,983,150,172,931,9.61766719818115,45.9999389648438,439.291931152344,22.1959991455078,1.28799998760223,20.9079990386963,5.31599998474121,15.3333330154419
"species",231,231,9.57333374023438,15.1893329620361,4.42199993133545,2061,332,32,64.1273422241211,956,142,154,893,10.4513330459595,47.2227249145508,440.081604003906,22.496000289917,0.364000022411346,22.1319999694824,4.78533315658569,14.9139995574951
"species",232,232,9.67949962615967,15.1533327102661,4.85933351516724,2394,376,44,62.3024101257324,1083,171,191,1025,9.85099983215332,47.369686126709,423.501312255859,21.6439990997314,0.84799998998642,20.7959995269775,5.19933366775513,14.7973327636719
"species",233,233,9.59716701507568,14.5220003128052,5.52933311462402,2413,389,37,64.097785949707,1114,161,174,1041,9.71033382415771,49.8784332275391,372.045989990234,20.9479999542236,1.48000001907349,19.4680004119873,5.81133317947388,14.0513334274292
"species",234,234,8.60833358764648,13.3159999847412,5.23666667938232,2794,442,47,62.5825462341309,1273,198,212,1190,9.08800029754639,50.5562973022461,342.213653564453,19.0639991760254,1.08800005912781,17.9759998321533,5.53999996185303,12.5866661071777
